0 0.937 -0.208 -0.193 -0.151
1 0.654 -0.199 -0.160 -0.099
2 0.940 -0.267 -0.194 -0.153
3 0.952 -0.236 -0.177 -0.166
4 0.686 -0.095 -0.149 -0.116
5 1.010 -0.208 -0.162 -0.144
6 1.103 -0.110 -0.167 -0.142
7 1.020 -0.144 -0.141 -0.149
8 1.046 -0.168 -0.134 -0.124
9 1.106 -0.075 -0.101 -0.090
10 1.067 -0.097 -0.101 -0.095
11 1.144 -0.004 -0.086 -0.066
12 1.087 -0.020 -0.077 -0.077
13 -0.320 -0.459 -0.288 -0.311
14 -0.364 -0.536 -0.344 -0.318
15 -0.246 -0.483 -0.314 -0.278
16 -0.231 -0.373 -0.272 -0.338
17 -0.233 -0.446 -0.327 -0.256
18 -0.170 -0.420 -0.302 -0.268
19 -0.199 -0.498 -0.317 -0.277
20 0.066 -0.443 -0.250 -0.254
21 -0.024 -0.320 -0.274 -0.272
22 0.064 -0.424 -0.254 -0.257
23 0.377 -0.356 -0.224 -0.225
24 0.302 -0.387 -0.227 -0.233
25 0.126 -0.331 -0.281 -0.253
26 0.064 -0.271 -0.186 -0.184
27 0.515 -0.319 -0.251 -0.159
28 0.254 -0.247 -0.172 -0.127
29 0.609 -0.301 -0.231 -0.164
30 0.784 -0.297 -0.227 -0.161
31 0.725 -0.256 -0.227 -0.169
32 1.042 0.134 0.002 -0.070
33 1.146 0.036 -0.042 -0.015
34 1.236 -0.068 -0.089 -0.101
35 1.291 -0.016 -0.026 -0.020
36 1.058 0.091 -0.007 -0.092
37 1.091 0.205 0.008 -0.029
38 1.278 0.118 -0.034 -0.038
39 1.030 0.167 0.032 -0.016
40 1.114 0.220 0.046 -0.013
41 1.262 0.057 -0.004 -0.027
42 1.046 0.198 0.048 -0.041
43 1.010 0.232 0.032 -0.015
44 1.054 0.255 0.080 -0.010
45 1.599 0.330 0.025 -0.021
46 1.206 0.299 0.098 -0.005
47 1.142 0.327 0.094 0.034
48 1.415 0.440 0.147 0.057
49 1.672 0.523 0.091 -0.016
50 1.313 0.356 0.114 0.012
51 1.220 0.341 0.140 0.020
52 1.894 0.603 0.133 -0.010
53 1.439 0.408 0.144 0.040
54 1.293 0.410 0.153 0.046
55 1.829 0.604 0.214 0.080
56 1.786 0.620 0.190 0.061
57 2.185 0.723 0.165 0.034
58 1.563 0.493 0.164 0.047
59 1.429 0.437 0.159 0.061
60 1.978 0.670 0.238 0.116
61 2.610 0.899 0.245 0.057
62 1.779 0.580 0.214 0.088
63 1.543 0.515 0.187 0.054
64 2.718 0.919 0.294 0.166
65 2.169 0.685 0.265 0.120
66 2.015 0.704 0.239 0.140
67 1.635 0.566 0.208 0.070
68 2.316 0.769 0.286 0.154
69 2.062 0.783 0.256 0.171
70 2.440 0.842 0.334 0.177
71 3.214 1.141 0.381 0.182
72 1.917 0.714 0.230 0.109
73 3.300 1.080 0.419 0.259
74 2.704 0.924 0.340 0.188
75 3.311 1.242 0.451 0.191
76 2.593 0.934 0.334 0.176
77 2.048 0.801 0.308 0.130
78 3.104 1.109 0.417 0.269
79 3.323 1.316 0.593 0.386
80 2.163 0.925 0.371 0.164
81 3.247 1.162 0.551 0.344
82 2.513 1.117 0.388 0.201
83 2.547 1.252 0.533 0.292
84 3.086 1.153 0.645 0.380
85 2.641 1.249 0.626 0.379
86 0.969 0.848 2.553 2.297
87 3.091 1.157 0.733 0.428
88 2.711 1.232 0.780 0.452
89 3.122 1.192 0.809 0.464
90 3.526 1.429 1.037 0.551
91 2.767 1.374 1.002 0.611
92 2.583 1.344 0.841 0.515
93 3.058 1.134 1.013 0.569
94 3.583 1.347 1.111 0.601
95 2.669 1.368 1.190 0.652
96 2.950 1.074 1.304 0.710
97 3.218 1.388 1.492 0.755
98 2.628 0.985 1.651 0.925
99 3.108 1.499 1.727 0.905
100 2.370 0.971 2.007 1.181
101 2.937 1.621 2.114 1.210
102 1.721 1.075 2.378 1.585
103 1.202 1.272 2.467 2.073
104 1.102 1.093 2.365 2.090
105 -0.506 -0.564 -0.375 -0.339
106 -0.453 -0.527 -0.380 -0.355
107 -0.425 -0.573 -0.351 -0.359
108 1.119 0.300 0.095 0.008
109 1.190 0.348 0.150 -0.010
110 1.292 0.371 0.162 0.045
111 1.830 0.629 0.217 0.080
112 1.443 0.464 0.140 0.052
113 2.247 0.732 0.256 0.131
114 1.768 0.604 0.185 0.094
115 2.548 0.817 0.291 0.174
116 2.599 0.888 0.327 0.174
117 2.898 0.980 0.353 0.212
118 2.899 1.099 0.417 0.300
119 3.336 1.239 0.549 0.325
120 0.954 0.238 0.041 -0.043
121 1.093 0.294 0.094 -0.026
122 1.208 0.340 0.130 0.029
123 1.621 0.594 0.204 0.100
124 1.236 0.423 0.121 0.028
125 1.945 0.617 0.247 0.113
126 1.886 0.677 0.244 0.115
127 2.157 0.738 0.254 0.129
128 2.409 0.759 0.309 0.147
129 2.458 0.877 0.356 0.187
130 2.919 1.075 0.403 0.256
