643 0.0000
646 0.0001
648 0.0003
650 0.0004
653 0.0004
656 0.0003
658 0.0003
660 0.0004
663 0.0009
666 0.0019
668 0.0034
670 0.0056
673 0.0103
676 0.0194
678 0.0344
680 0.0561
683 0.0839
686 0.1164
688 0.1528
690 0.1948
693 0.2408
696 0.2857
698 0.3233
700 0.3503
703 0.3759
706 0.3990
708 0.4162
710 0.4233
713 0.4165
716 0.3943
718 0.3760
720 0.3823
723 0.3918
726 0.3892
728 0.3828
730 0.3820
733 0.3884
736 0.3872
738 0.3821
740 0.3787
743 0.3759
746 0.3727
748 0.3681
750 0.3618
753 0.3565
756 0.3554
758 0.3478
760 0.1473
763 0.2096
766 0.2648
768 0.3300
770 0.3256
773 0.3223
776 0.3179
778 0.3129
780 0.3077
783 0.3026
786 0.2980
788 0.2944
790 0.2921
793 0.2916
796 0.2921
798 0.2927
800 0.2923
803 0.2896
806 0.2840
808 0.2758
810 0.2642
813 0.2427
816 0.2091
818 0.1689
820 0.1276
823 0.0901
826 0.0603
828 0.0378
830 0.0218
833 0.0117
836 0.0068
838 0.0048
840 0.0033
843 0.0020
846 0.0013
848 0.0010
850 0.0009
853 0.0009
856 0.0008
858 0.0005
860 0.0002
863 0.0000
