363 0.0000
366 0.0003
368 0.0008
370 0.0013
373 0.0019
376 0.0024
378 0.0034
380 0.0055
383 0.0103
386 0.0194
388 0.0326
390 0.0492
393 0.0686
396 0.0900
398 0.1123
400 0.1342
403 0.1545
406 0.1722
408 0.1873
410 0.2003
413 0.2116
416 0.2214
418 0.2301
420 0.2378
423 0.2448
426 0.2513
428 0.2574
430 0.2633
433 0.2691
436 0.2747
438 0.2801
440 0.2852
443 0.2899
446 0.2940
448 0.2979
450 0.3016
453 0.3055
456 0.3097
458 0.3141
460 0.3184
463 0.3224
466 0.3257
468 0.3284
470 0.3307
473 0.3327
476 0.3346
478 0.3364
480 0.3383
483 0.3403
486 0.3425
488 0.3448
490 0.3472
493 0.3495
496 0.3519
498 0.3541
500 0.3562
503 0.3581
506 0.3597
508 0.3609
510 0.3613
513 0.3609
516 0.3595
518 0.3581
520 0.3558
523 0.3452
526 0.3194
528 0.2807
530 0.2339
533 0.1839
536 0.1352
538 0.0911
540 0.0548
543 0.0295
546 0.0166
548 0.0112
550 0.0077
553 0.0050
556 0.0032
558 0.0021
560 0.0015
563 0.0012
566 0.0010
568 0.0009
570 0.0008
573 0.0006
576 0.0005
578 0.0003
580 0.0001
583 0.0000
