773 0.0000
776 0.0000
778 0.0001
780 0.0001
783 0.0001
786 0.0002
788 0.0002
790 0.0003
793 0.0005
796 0.0007
798 0.0011
800 0.0017
803 0.0027
806 0.0040
808 0.0057
810 0.0079
813 0.0106
816 0.0139
818 0.0178
820 0.0222
823 0.0271
826 0.0324
828 0.0382
830 0.0446
833 0.0511
836 0.0564
838 0.0603
840 0.0637
843 0.0667
846 0.0694
848 0.0717
850 0.0736
853 0.0752
856 0.0765
858 0.0775
860 0.0782
863 0.0786
866 0.0787
868 0.0785
870 0.0780
873 0.0772
876 0.0763
878 0.0751
880 0.0738
883 0.0723
886 0.0708
888 0.0693
890 0.0674
893 0.0632
896 0.0581
898 0.0543
900 0.0526
903 0.0523
906 0.0522
908 0.0512
910 0.0496
913 0.0481
916 0.0473
918 0.0476
920 0.0482
923 0.0476
926 0.0447
928 0.0391
930 0.0329
933 0.0283
936 0.0264
938 0.0271
940 0.0283
943 0.0275
946 0.0254
948 0.0252
950 0.0256
953 0.0246
956 0.0244
958 0.0252
960 0.0258
963 0.0265
966 0.0274
968 0.0279
970 0.0271
973 0.0252
976 0.0236
978 0.0227
980 0.0222
983 0.0216
986 0.0208
988 0.0196
990 0.0183
993 0.0171
996 0.0160
998 0.0149
1000 0.0138
1003 0.0128
1006 0.0118
1008 0.0108
1010 0.0099
1013 0.0091
1016 0.0083
1018 0.0075
1020 0.0068
1023 0.0061
1026 0.0055
1028 0.0050
1030 0.0045
1033 0.0041
1036 0.0037
1038 0.0033
1040 0.0030
1043 0.0027
1046 0.0025
1048 0.0023
1050 0.0021
1053 0.0019
1056 0.0018
1058 0.0017
1060 0.0016
1063 0.0015
1066 0.0014
1068 0.0013
1070 0.0012
1073 0.0011
1076 0.0010
1078 0.0009
1080 0.0008
1083 0.0008
1086 0.0007
1088 0.0006
1090 0.0006
1093 0.0006
1096 0.0005
1098 0.0005
1100 0.0004
1103 0.0004
1106 0.0003
1108 0.0003
1110 0.0002
1113 0.0002
1116 0.0001
1118 0.0001
1120 0.0000
1123 0.0000
