# synthetic magnitudes of the pickles library
# pickles-id, ccd-1,filter
  0  -0.270  0 
  0  -1.207  1 
  0  -0.999  2 
  0  -0.806  3 
  0  -0.655  4 
  1  -0.570  0 
  1  -1.224  1 
  1  -1.025  2 
  1  -0.865  3 
  1  -0.766  4 
  2  -0.327  0 
  2  -1.267  1 
  2  -1.000  2 
  2  -0.806  3 
  2  -0.653  4 
  3  -0.279  0 
  3  -1.231  1 
  3  -0.995  2 
  3  -0.818  3 
  3  -0.652  4 
  4  -0.460  0 
  4  -1.146  1 
  4  -1.051  2 
  4  -0.902  3 
  4  -0.786  4 
  5  -0.206  0 
  5  -1.216  1 
  5  -1.008  2 
  5  -0.846  3 
  5  -0.702  4 
  6  -0.050  0 
  6  -1.153  1 
  6  -1.043  2 
  6  -0.876  3 
  6  -0.734  4 
  7  -0.150  0 
  7  -1.170  1 
  7  -1.026  2 
  7  -0.885  3 
  7  -0.736  4 
  8  -0.144  0 
  8  -1.190  1 
  8  -1.022  2 
  8  -0.888  3 
  8  -0.764  4 
  9  -0.017  0 
  9  -1.123  1 
  9  -1.048  2 
  9  -0.947  3 
  9  -0.857  4 
 10  -0.059  0 
 10  -1.126  1 
 10  -1.029  2 
 10  -0.928  3 
 10  -0.833  4 
 11   0.055  0 
 11  -1.089  1 
 11  -1.085  2 
 11  -0.999  3 
 11  -0.933  4 
 12  -0.016  0 
 12  -1.103  1 
 12  -1.083  2 
 12  -1.006  3 
 12  -0.929  4 
 13  -1.714  0 
 13  -1.394  1 
 13  -0.935  2 
 13  -0.647  3 
 13  -0.336  4 
 14  -1.803  0 
 14  -1.439  1 
 14  -0.903  2 
 14  -0.559  3 
 14  -0.241  4 
 15  -1.642  0 
 15  -1.396  1 
 15  -0.913  2 
 15  -0.599  3 
 15  -0.321  4 
 16  -1.602  0 
 16  -1.371  1 
 16  -0.998  2 
 16  -0.726  3 
 16  -0.388  4 
 17  -1.609  0 
 17  -1.376  1 
 17  -0.930  2 
 17  -0.603  3 
 17  -0.347  4 
 18  -1.536  0 
 18  -1.366  1 
 18  -0.946  2 
 18  -0.644  3 
 18  -0.376  4 
 19  -1.619  0 
 19  -1.420  1 
 19  -0.922  2 
 19  -0.605  3 
 19  -0.328  4 
 20  -1.297  0 
 20  -1.363  1 
 20  -0.920  2 
 20  -0.670  3 
 20  -0.416  4 
 21  -1.317  0 
 21  -1.293  1 
 21  -0.973  2 
 21  -0.699  3 
 21  -0.427  4 
 22  -1.308  0 
 22  -1.372  1 
 22  -0.948  2 
 22  -0.694  3 
 22  -0.437  4 
 23  -0.940  0 
 23  -1.317  1 
 23  -0.961  2 
 23  -0.737  3 
 23  -0.512  4 
 24  -1.054  0 
 24  -1.356  1 
 24  -0.969  2 
 24  -0.742  3 
 24  -0.509  4 
 25  -1.173  0 
 25  -1.299  1 
 25  -0.968  2 
 25  -0.687  3 
 25  -0.434  4 
 26  -1.212  0 
 26  -1.276  1 
 26  -1.005  2 
 26  -0.819  3 
 26  -0.635  4 
 27  -0.797  0 
 27  -1.312  1 
 27  -0.993  2 
 27  -0.742  3 
 27  -0.583  4 
 28  -0.999  0 
 28  -1.253  1 
 28  -1.006  2 
 28  -0.834  3 
 28  -0.707  4 
 29  -0.668  0 
 29  -1.277  1 
 29  -0.976  2 
 29  -0.745  3 
 29  -0.581  4 
 30  -0.507  0 
 30  -1.291  1 
 30  -0.994  2 
 30  -0.767  3 
 30  -0.606  4 
 31  -0.541  0 
 31  -1.266  1 
 31  -1.010  2 
 31  -0.783  3 
 31  -0.614  4 
 32   0.032  0 
 32  -1.010  1 
 32  -1.144  2 
 32  -1.146  3 
 32  -1.076  4 
 33   0.082  0 
 33  -1.064  1 
 33  -1.100  2 
 33  -1.058  3 
 33  -1.043  4 
 34   0.091  0 
 34  -1.145  1 
 34  -1.077  2 
 34  -0.988  3 
 34  -0.887  4 
 35   0.190  0 
 35  -1.101  1 
 35  -1.085  2 
 35  -1.059  3 
 35  -1.039  4 
 36   0.023  0 
 36  -1.035  1 
 36  -1.126  2 
 36  -1.119  3 
 36  -1.027  4 
 37   0.142  0 
 37  -0.949  1 
 37  -1.154  2 
 37  -1.162  3 
 37  -1.133  4 
 38   0.263  0 
 38  -1.015  1 
 38  -1.133  2 
 38  -1.099  3 
 38  -1.061  4 
 39   0.045  0 
 39  -0.985  1 
 39  -1.152  2 
 39  -1.184  3 
 39  -1.168  4 
 40   0.151  0 
 40  -0.963  1 
 40  -1.183  2 
 40  -1.229  3 
 40  -1.216  4 
 41   0.177  0 
 41  -1.085  1 
 41  -1.142  2 
 41  -1.138  3 
 41  -1.111  4 
 42   0.060  0 
 42  -0.986  1 
 42  -1.184  2 
 42  -1.232  3 
 42  -1.191  4 
 43   0.058  0 
 43  -0.952  1 
 43  -1.184  2 
 43  -1.216  3 
 43  -1.201  4 
 44   0.115  0 
 44  -0.939  1 
 44  -1.194  2 
 44  -1.274  3 
 44  -1.264  4 
 45   0.744  0 
 45  -0.855  1 
 45  -1.185  2 
 45  -1.210  3 
 45  -1.189  4 
 46   0.308  0 
 46  -0.898  1 
 46  -1.197  2 
 46  -1.295  3 
 46  -1.290  4 
 47   0.259  0 
 47  -0.883  1 
 47  -1.210  2 
 47  -1.304  3 
 47  -1.338  4 
 48   0.588  0 
 48  -0.827  1 
 48  -1.267  2 
 48  -1.414  3 
 48  -1.471  4 
 49   0.924  0 
 49  -0.748  1 
 49  -1.271  2 
 49  -1.362  3 
 49  -1.346  4 
 50   0.438  0 
 50  -0.875  1 
 50  -1.231  2 
 50  -1.345  3 
 50  -1.357  4 
 51   0.332  0 
 51  -0.888  1 
 51  -1.229  2 
 51  -1.369  3 
 51  -1.389  4 
 52   1.195  0 
 52  -0.699  1 
 52  -1.302  2 
 52  -1.435  3 
 52  -1.425  4 
 53   0.604  0 
 53  -0.835  1 
 53  -1.243  2 
 53  -1.387  3 
 53  -1.427  4 
 54   0.450  0 
 54  -0.843  1 
 54  -1.253  2 
 54  -1.406  3 
 54  -1.452  4 
 55   1.106  0 
 55  -0.723  1 
 55  -1.327  2 
 55  -1.541  3 
 55  -1.621  4 
 56   1.095  0 
 56  -0.691  1 
 56  -1.311  2 
 56  -1.501  3 
 56  -1.562  4 
 57   1.581  0 
 57  -0.604  1 
 57  -1.327  2 
 57  -1.492  3 
 57  -1.526  4 
 58   0.768  0 
 58  -0.795  1 
 58  -1.288  2 
 58  -1.452  3 
 58  -1.499  4 
 59   0.608  0 
 59  -0.821  1 
 59  -1.258  2 
 59  -1.417  3 
 59  -1.478  4 
 60   1.309  0 
 60  -0.669  1 
 60  -1.339  2 
 60  -1.577  3 
 60  -1.693  4 
 61   2.084  0 
 61  -0.526  1 
 61  -1.425  2 
 61  -1.670  3 
 61  -1.727  4 
 62   1.037  0 
 62  -0.742  1 
 62  -1.322  2 
 62  -1.536  3 
 62  -1.624  4 
 63   0.771  0 
 63  -0.772  1 
 63  -1.287  2 
 63  -1.474  3 
 63  -1.528  4 
 64   2.222  0 
 64  -0.496  1 
 64  -1.415  2 
 64  -1.709  3 
 64  -1.875  4 
 65   1.491  0 
 65  -0.678  1 
 65  -1.363  2 
 65  -1.628  3 
 65  -1.748  4 
 66   1.354  0 
 66  -0.661  1 
 66  -1.365  2 
 66  -1.604  3 
 66  -1.744  4 
 67   0.877  0 
 67  -0.758  1 
 67  -1.324  2 
 67  -1.532  3 
 67  -1.602  4 
 68   1.685  0 
 68  -0.631  1 
 68  -1.400  2 
 68  -1.686  3 
 68  -1.840  4 
 69   1.427  0 
 69  -0.635  1 
 69  -1.418  2 
 69  -1.674  3 
 69  -1.845  4 
 70   1.872  0 
 70  -0.568  1 
 70  -1.410  2 
 70  -1.744  3 
 70  -1.921  4 
 71   2.879  0 
 71  -0.335  1 
 71  -1.476  2 
 71  -1.857  3 
 71  -2.039  4 
 72   1.264  0 
 72  -0.653  1 
 72  -1.367  2 
 72  -1.597  3 
 72  -1.706  4 
 73   2.907  0 
 73  -0.393  1 
 73  -1.473  2 
 73  -1.892  3 
 73  -2.151  4 
 74   2.182  0 
 74  -0.522  1 
 74  -1.446  2 
 74  -1.786  3 
 74  -1.974  4 
 75   3.027  0 
 75  -0.284  1 
 75  -1.526  2 
 75  -1.977  3 
 75  -2.168  4 
 76   2.106  0 
 76  -0.487  1 
 76  -1.421  2 
 76  -1.755  3 
 76  -1.931  4 
 77   1.456  0 
 77  -0.592  1 
 77  -1.393  2 
 77  -1.701  3 
 77  -1.831  4 
 78   2.738  0 
 78  -0.366  1 
 78  -1.475  2 
 78  -1.892  3 
 78  -2.161  4 
 79   3.086  0 
 79  -0.237  1 
 79  -1.553  2 
 79  -2.146  3 
 79  -2.532  4 
 80   1.645  0 
 80  -0.518  1 
 80  -1.443  2 
 80  -1.814  3 
 80  -1.978  4 
 81   2.883  0 
 81  -0.364  1 
 81  -1.526  2 
 81  -2.077  3 
 81  -2.421  4 
 82   2.106  0 
 82  -0.407  1 
 82  -1.524  2 
 82  -1.912  3 
 82  -2.113  4 
 83   2.250  0 
 83  -0.297  1 
 83  -1.549  2 
 83  -2.082  3 
 83  -2.374  4 
 84   2.711  0 
 84  -0.375  1 
 84  -1.528  2 
 84  -2.173  3 
 84  -2.553  4 
 85   2.332  0 
 85  -0.309  1 
 85  -1.558  2 
 85  -2.184  3 
 85  -2.563  4 
 86   0.303  0 
 86  -0.666  1 
 86  -1.514  2 
 86  -4.067  3 
 86  -6.364  4 
 87   2.729  0 
 87  -0.362  1 
 87  -1.519  2 
 87  -2.252  3 
 87  -2.680  4 
 88   2.377  0 
 88  -0.334  1 
 88  -1.566  2 
 88  -2.346  3 
 88  -2.798  4 
 89   2.761  0 
 89  -0.361  1 
 89  -1.553  2 
 89  -2.362  3 
 89  -2.826  4 
 90   3.295  0 
 90  -0.231  1 
 90  -1.660  2 
 90  -2.697  3 
 90  -3.248  4 
 91   2.452  0 
 91  -0.315  1 
 91  -1.689  2 
 91  -2.691  3 
 91  -3.302  4 
 92   2.275  0 
 92  -0.308  1 
 92  -1.652  2 
 92  -2.493  3 
 92  -3.008  4 
 93   2.662  0 
 93  -0.396  1 
 93  -1.530  2 
 93  -2.543  3 
 93  -3.112  4 
 94   3.319  0 
 94  -0.264  1 
 94  -1.611  2 
 94  -2.722  3 
 94  -3.323  4 
 95   2.315  0 
 95  -0.354  1 
 95  -1.722  2 
 95  -2.912  3 
 95  -3.564  4 
 96   2.502  0 
 96  -0.448  1 
 96  -1.522  2 
 96  -2.826  3 
 96  -3.536  4 
 97   2.825  0 
 97  -0.393  1 
 97  -1.781  2 
 97  -3.273  3 
 97  -4.028  4 
 98   2.081  0 
 98  -0.547  1 
 98  -1.532  2 
 98  -3.183  3 
 98  -4.108  4 
 99   2.724  0 
 99  -0.384  1 
 99  -1.883  2 
 99  -3.610  3 
 99  -4.515  4 
100   1.778  0 
100  -0.592  1 
100  -1.563  2 
100  -3.570  3 
100  -4.751  4 
101   2.341  0 
101  -0.596  1 
101  -2.217  2 
101  -4.331  3 
101  -5.541  4 
102   1.050  0 
102  -0.671  1 
102  -1.746  2 
102  -4.124  3 
102  -5.709  4 
103   0.615  0 
103  -0.587  1 
103  -1.859  2 
103  -4.326  3 
103  -6.399  4 
104   0.548  0 
104  -0.554  1 
104  -1.647  2 
104  -4.012  3 
104  -6.102  4 
105  -1.973  0 
105  -1.467  1 
105  -0.903  2 
105  -0.528  3 
105  -0.189  4 
106  -1.881  0 
106  -1.428  1 
106  -0.901  2 
106  -0.521  3 
106  -0.166  4 
107  -1.895  0 
107  -1.470  1 
107  -0.897  2 
107  -0.546  3 
107  -0.187  4 
108   0.206  0 
108  -0.913  1 
108  -1.213  2 
108  -1.308  3 
108  -1.316  4 
109   0.307  0 
109  -0.883  1 
109  -1.231  2 
109  -1.381  3 
109  -1.371  4 
110   0.415  0 
110  -0.877  1 
110  -1.248  2 
110  -1.410  3 
110  -1.455  4 
111   1.131  0 
111  -0.699  1 
111  -1.328  2 
111  -1.545  3 
111  -1.625  4 
112   0.631  0 
112  -0.812  1 
112  -1.276  2 
112  -1.416  3 
112  -1.468  4 
113   1.603  0 
113  -0.644  1 
113  -1.376  2 
113  -1.632  3 
113  -1.763  4 
114   1.049  0 
114  -0.719  1 
114  -1.323  2 
114  -1.508  3 
114  -1.602  4 
115   1.971  0 
115  -0.577  1 
115  -1.394  2 
115  -1.685  3 
115  -1.859  4 
116   2.066  0 
116  -0.533  1 
116  -1.421  2 
116  -1.748  3 
116  -1.922  4 
117   2.440  0 
117  -0.458  1 
117  -1.438  2 
117  -1.791  3 
117  -2.003  4 
118   2.513  0 
118  -0.386  1 
118  -1.485  2 
118  -1.902  3 
118  -2.202  4 
119   3.029  0 
119  -0.307  1 
119  -1.546  2 
119  -2.095  3 
119  -2.420  4 
120   0.006  0 
120  -0.948  1 
120  -1.186  2 
120  -1.227  3 
120  -1.184  4 
121   0.186  0 
121  -0.907  1 
121  -1.201  2 
121  -1.295  3 
121  -1.269  4 
122   0.329  0 
122  -0.879  1 
122  -1.219  2 
122  -1.349  3 
122  -1.378  4 
123   0.897  0 
123  -0.724  1 
123  -1.318  2 
123  -1.522  3 
123  -1.622  4 
124   0.405  0 
124  -0.831  1 
124  -1.254  2 
124  -1.375  3 
124  -1.403  4 
125   1.225  0 
125  -0.720  1 
125  -1.337  2 
125  -1.584  3 
125  -1.697  4 
126   1.216  0 
126  -0.670  1 
126  -1.347  2 
126  -1.591  3 
126  -1.706  4 
127   1.525  0 
127  -0.632  1 
127  -1.370  2 
127  -1.624  3 
127  -1.753  4 
128   1.791  0 
128  -0.618  1 
128  -1.377  2 
128  -1.686  3 
128  -1.833  4 
129   1.908  0 
129  -0.550  1 
129  -1.427  2 
129  -1.783  3 
129  -1.970  4 
130   2.504  0 
130  -0.415  1 
130  -1.490  2 
130  -1.893  3 
130  -2.149  4 
