500.0 0.00000
501.0 0.00000
502.0 0.00000
503.0 0.00000
504.0 0.00000
505.0 0.00000
506.0 0.00000
507.0 0.00000
508.0 0.00000
509.0 0.00000
510.0 0.00000
511.0 0.00000
512.0 0.00000
513.0 0.00000
514.0 0.00000
515.0 0.00000
516.0 0.00000
517.0 0.00000
518.0 0.00000
519.0 0.00000
520.0 0.00000
521.0 0.00000
522.0 0.00000
523.0 0.00000
524.0 0.00000
525.0 0.00000
526.0 0.00000
527.0 0.00000
528.0 0.00000
529.0 0.00000
530.0 0.00000
531.0 0.00000
532.0 0.00000
533.0 0.00000
534.0 0.00000
535.0 0.00000
536.0 0.00000
537.0 0.00000
538.0 0.00000
539.0 0.00000
540.0 0.00000
541.0 0.00000
542.0 0.00000
543.0 0.00000
544.0 0.00000
545.0 0.00000
546.0 0.00000
547.0 0.00000
548.0 0.00000
549.0 0.00000
550.0 0.00000
551.0 0.00000
552.0 0.00000
553.0 0.00000
554.0 0.00000
555.0 0.00000
556.0 0.00000
557.0 0.00000
558.0 0.00000
559.0 0.00000
560.0 0.00000
561.0 0.00000
562.0 0.00000
563.0 0.00000
564.0 0.00000
565.0 0.00000
566.0 0.00000
567.0 0.00000
568.0 0.00000
569.0 0.00000
570.0 0.00000
571.0 0.00000
572.0 0.00000
573.0 0.00000
574.0 0.00000
575.0 0.00000
576.0 0.00000
577.0 0.00000
578.0 0.00000
579.0 0.00000
580.0 0.00000
581.0 0.00000
582.0 0.00000
583.0 0.00000
584.0 0.00000
585.0 0.00000
586.0 0.00000
587.0 0.00000
588.0 0.00000
589.0 0.00000
590.0 0.00000
591.0 0.00000
592.0 0.00000
593.0 0.00000
594.0 0.00000
595.0 0.00000
596.0 0.00000
597.0 0.00000
598.0 0.00000
599.0 0.00000
600.0 0.00000
601.0 0.00000
602.0 0.00000
603.0 0.00000
604.0 0.00000
605.0 0.00000
606.0 0.00000
607.0 0.00000
608.0 0.00000
609.0 0.00000
610.0 0.00000
611.0 0.00000
612.0 0.00000
613.0 0.00000
614.0 0.00000
615.0 0.00000
616.0 0.00000
617.0 0.00000
618.0 0.00000
619.0 0.00000
620.0 0.00000
621.0 0.00000
622.0 0.00000
623.0 0.00000
624.0 0.00000
625.0 0.00000
626.0 0.00000
627.0 0.00000
628.0 0.00000
629.0 0.00000
630.0 0.00000
631.0 0.00000
632.0 0.00000
633.0 0.00000
634.0 0.00000
635.0 0.00000
636.0 0.00000
637.0 0.00000
638.0 0.00000
639.0 0.00000
640.0 0.00000
641.0 0.00000
642.0 0.00000
643.0 0.00000
644.0 0.00000
645.0 0.00000
646.0 0.00000
647.0 0.00000
648.0 0.00000
649.0 0.00000
650.0 0.00000
651.0 0.00000
652.0 0.00000
653.0 0.00000
654.0 0.00000
655.0 0.00000
656.0 0.00000
657.0 0.00000
658.0 0.00000
659.0 0.00000
660.0 0.00000
661.0 0.00000
662.0 0.00000
663.0 0.00000
664.0 0.00000
665.0 0.00000
666.0 0.00000
667.0 0.00000
668.0 0.00000
669.0 0.00000
670.0 0.00000
671.0 0.00000
672.0 0.00000
673.0 0.00000
674.0 0.00000
675.0 0.00000
676.0 0.00000
677.0 0.00000
678.0 0.00000
679.0 0.00000
680.0 0.00000
681.0 0.00000
682.0 0.00000
683.0 0.00000
684.0 0.00000
685.0 0.00000
686.0 0.00000
687.0 0.00000
688.0 0.00000
689.0 0.00000
690.0 0.00000
691.0 0.00000
692.0 0.00000
693.0 0.00000
694.0 0.00000
695.0 0.00000
696.0 0.00000
697.0 0.00000
698.0 0.00000
699.0 0.00000
700.0 0.00000
701.0 0.00000
702.0 0.00000
703.0 0.00000
704.0 0.00000
705.0 0.00000
706.0 0.00000
707.0 0.00000
708.0 0.00000
709.0 0.00000
710.0 0.00000
711.0 0.00000
712.0 0.00000
713.0 0.00000
714.0 0.00000
715.0 0.00000
716.0 0.00000
717.0 0.00000
718.0 0.00000
719.0 0.00000
720.0 0.00000
721.0 0.00000
722.0 0.00000
723.0 0.00000
724.0 0.00000
725.0 0.00000
726.0 0.00000
727.0 0.00000
728.0 0.00000
729.0 0.00000
730.0 0.00000
731.0 0.00000
732.0 0.00000
733.0 0.00000
734.0 0.00000
735.0 0.00000
736.0 0.00000
737.0 0.00000
738.0 0.00000
739.0 0.00000
740.0 0.00000
741.0 0.00000
742.0 0.00000
743.0 0.00000
744.0 0.00000
745.0 0.00000
746.0 0.00000
747.0 0.00000
748.0 0.00000
749.0 0.00000
750.0 0.00000
751.0 0.00000
752.0 0.00000
753.0 0.00000
754.0 0.00000
755.0 0.00000
756.0 0.00000
757.0 0.00000
758.0 0.00000
759.0 0.00000
760.0 0.00000
761.0 0.00000
762.0 0.00000
763.0 0.00000
764.0 0.00000
765.0 0.00000
766.0 0.00000
767.0 0.00000
768.0 0.00000
769.0 0.00000
770.0 0.00000
771.0 0.00000
772.0 0.00000
773.0 0.00000
774.0 0.00000
775.0 0.00000
776.0 0.00000
777.0 0.00000
778.0 0.00000
779.0 0.00000
780.0 0.00000
781.0 0.00000
782.0 0.00000
783.0 0.00000
784.0 0.00000
785.0 0.00000
786.0 0.00000
787.0 0.00000
788.0 0.00000
789.0 0.00000
790.0 0.00000
791.0 0.00000
792.0 0.00000
793.0 0.00000
794.0 0.00000
795.0 0.00000
796.0 0.00000
797.0 0.00000
798.0 0.00000
799.0 0.00000
800.0 0.00000
801.0 0.00000
802.0 0.00000
803.0 0.00000
804.0 0.00000
805.0 0.00000
806.0 0.00000
807.0 0.00000
808.0 0.00000
809.0 0.00000
810.0 0.00000
811.0 0.00000
812.0 0.00000
813.0 0.00000
814.0 0.00000
815.0 0.00000
816.0 0.00000
817.0 0.00000
818.0 0.00000
819.0 0.00000
820.0 0.00000
821.0 0.00000
822.0 0.00000
823.0 0.00000
824.0 0.00000
825.0 0.00000
826.0 0.00000
827.0 0.00000
828.0 0.00000
829.0 0.00000
830.0 -0.00000
831.0 -0.00000
832.0 -0.00000
833.0 -0.00000
834.0 -0.00000
835.0 0.00000
836.0 -0.00000
837.0 -0.00000
838.0 -0.00000
839.0 -0.00000
840.0 -0.00000
841.0 -0.00000
842.0 -0.00000
843.0 -0.00000
844.0 -0.00000
845.0 -0.00000
846.0 -0.00000
847.0 -0.00000
848.0 -0.00000
849.0 -0.00000
850.0 -0.00000
851.0 -0.00000
852.0 0.00000
853.0 0.00000
854.0 0.00000
855.0 0.00000
856.0 0.00000
857.0 0.00000
858.0 0.00000
859.0 0.00000
860.0 0.00000
861.0 0.00000
862.0 0.00000
863.0 -0.00000
864.0 -0.00000
865.0 -0.00000
866.0 -0.00000
867.0 -0.00000
868.0 -0.00000
869.0 -0.00000
870.0 -0.00000
871.0 0.00000
872.0 -0.00000
873.0 -0.00000
874.0 0.00000
875.0 0.00000
876.0 0.00000
877.0 0.00000
878.0 0.00000
879.0 -0.00000
880.0 -0.00000
881.0 0.00000
882.0 0.00000
883.0 0.00000
884.0 0.00000
885.0 0.00000
886.0 0.00000
887.0 -0.00000
888.0 0.00000
889.0 0.00000
890.0 0.00000
891.0 0.00000
892.0 0.00000
893.0 0.00000
894.0 -0.00000
895.0 0.00000
896.0 0.00000
897.0 0.00000
898.0 0.00000
899.0 0.00000
900.0 0.00000
901.0 0.00000
902.0 -0.00002
903.0 0.00001
904.0 0.00002
905.0 0.00000
906.0 0.00000
907.0 0.00000
908.0 0.00001
909.0 0.00000
910.0 0.00000
911.0 0.00000
912.0 0.00001
913.0 0.00001
914.0 0.00001
915.0 0.00001
916.0 0.00001
917.0 0.00000
918.0 0.00000
919.0 0.00001
920.0 0.00000
921.0 0.00000
922.0 0.00000
923.0 0.00000
924.0 0.00000
925.0 0.00000
926.0 0.00000
927.0 0.00000
928.0 0.00000
929.0 0.00001
930.0 0.00000
931.0 0.00001
932.0 0.00000
933.0 0.00001
934.0 0.00001
935.0 -0.00001
936.0 0.00000
937.0 0.00000
938.0 0.00000
939.0 0.00000
940.0 0.00000
941.0 0.00000
942.0 0.00000
943.0 0.00000
944.0 0.00001
945.0 0.00001
946.0 0.00001
947.0 0.00000
948.0 0.00000
949.0 0.00001
950.0 0.00000
951.0 0.00000
952.0 0.00001
953.0 0.00001
954.0 0.00000
955.0 0.00000
956.0 0.00001
957.0 0.00000
958.0 0.00000
959.0 0.00000
960.0 0.00000
961.0 0.00000
962.0 0.00000
963.0 0.00001
964.0 0.00001
965.0 0.00000
966.0 0.00001
967.0 0.00000
968.0 -0.00001
969.0 0.00001
970.0 0.00000
971.0 0.00001
972.0 0.00000
973.0 0.00000
974.0 0.00000
975.0 0.00001
976.0 0.00000
977.0 0.00000
978.0 -0.00001
979.0 0.00000
980.0 0.00000
981.0 0.00000
982.0 0.00001
983.0 0.00001
984.0 0.00000
985.0 0.00000
986.0 0.00000
987.0 0.00000
988.0 0.00000
989.0 0.00000
990.0 0.00000
991.0 0.00000
992.0 0.00000
993.0 0.00000
994.0 0.00000
995.0 0.00000
996.0 0.00000
997.0 0.00000
998.0 0.00001
999.0 -0.00001
1000.0 0.00000
1001.0 0.00000
1002.0 0.00000
1003.0 0.00000
1004.0 0.00000
1005.0 0.00000
1006.0 0.00000
1007.0 0.00001
1008.0 0.00001
1009.0 0.00001
1010.0 0.00000
1011.0 0.00000
1012.0 0.00000
1013.0 0.00000
1014.0 0.00000
1015.0 0.00000
1016.0 0.00000
1017.0 0.00000
1018.0 0.00000
1019.0 0.00001
1020.0 0.00001
1021.0 0.00000
1022.0 0.00000
1023.0 0.00000
1024.0 0.00000
1025.0 0.00000
1026.0 0.00000
1027.0 0.00000
1028.0 0.00001
1029.0 0.00000
1030.0 0.00000
1031.0 0.00000
1032.0 0.00001
1033.0 0.00001
1034.0 0.00000
1035.0 0.00000
1036.0 0.00000
1037.0 0.00000
1038.0 0.00000
1039.0 0.00000
1040.0 0.00000
1041.0 0.00001
1042.0 0.00001
1043.0 0.00001
1044.0 0.00001
1045.0 0.00001
1046.0 0.00001
1047.0 0.00001
1048.0 0.00000
1049.0 0.00000
1050.0 0.00000
1051.0 0.00001
1052.0 0.00000
1053.0 0.00000
1054.0 0.00000
1055.0 0.00000
1056.0 0.00001
1057.0 0.00001
1058.0 0.00001
1059.0 0.00000
1060.0 0.00000
1061.0 0.00000
1062.0 0.00000
1063.0 0.00000
1064.0 0.00000
1065.0 0.00000
1066.0 0.00000
1067.0 0.00000
1068.0 0.00000
1069.0 0.00001
1070.0 0.00002
1071.0 0.00001
1072.0 0.00000
1073.0 0.00001
1074.0 0.00001
1075.0 0.00001
1076.0 0.00000
1077.0 0.00000
1078.0 0.00001
1079.0 0.00001
1080.0 0.00001
1081.0 0.00001
1082.0 0.00001
1083.0 0.00001
1084.0 0.00002
1085.0 0.00002
1086.0 0.00002
1087.0 0.00002
1088.0 0.00002
1089.0 0.00002
1090.0 0.00001
1091.0 0.00002
1092.0 0.00002
1093.0 0.00002
1094.0 0.00003
1095.0 0.00002
1096.0 0.00003
1097.0 0.00002
1098.0 0.00003
1099.0 0.00003
1100.0 0.00003
1101.0 0.00003
1102.0 0.00004
1103.0 0.00004
1104.0 0.00003
1105.0 0.00004
1106.0 0.00004
1107.0 0.00004
1108.0 0.00005
1109.0 0.00006
1110.0 0.00005
1111.0 0.00006
1112.0 0.00007
1113.0 0.00007
1114.0 0.00007
1115.0 0.00007
1116.0 0.00007
1117.0 0.00007
1118.0 0.00008
1119.0 0.00009
1120.0 0.00010
1121.0 0.00012
1122.0 0.00012
1123.0 0.00013
1124.0 0.00016
1125.0 0.00018
1126.0 0.00019
1127.0 0.00026
1128.0 0.00027
1129.0 0.00032
1130.0 0.00037
1131.0 0.00049
1132.0 0.00055
1133.0 0.00055
1134.0 0.00051
1135.0 0.00049
1136.0 0.00074
1137.0 0.00094
1138.0 0.00099
1139.0 0.00112
1140.0 0.00120
1141.0 0.00127
1142.0 0.00145
1143.0 0.00166
1144.0 0.00163
1145.0 0.00180
1146.0 0.00203
1147.0 0.00212
1148.0 0.00265
1149.0 0.00291
1150.0 0.00313
1151.0 0.00371
1152.0 0.00396
1153.0 0.00434
1154.0 0.00486
1155.0 0.00540
1156.0 0.00573
1157.0 0.00630
1158.0 0.00645
1159.0 0.00675
1160.0 0.00694
1161.0 0.00708
1162.0 0.00711
1163.0 0.00710
1164.0 0.00693
1165.0 0.00672
1166.0 0.00644
1167.0 0.00626
1168.0 0.00596
1169.0 0.00572
1170.0 0.00547
1171.0 0.00521
1172.0 0.00500
1173.0 0.00480
1174.0 0.00459
1175.0 0.00455
1176.0 0.00448
1177.0 0.00441
1178.0 0.00432
1179.0 0.00440
1180.0 0.00445
1181.0 0.00456
1182.0 0.00457
1183.0 0.00491
1184.0 0.00512
1185.0 0.00539
1186.0 0.00583
1187.0 0.00619
1188.0 0.00645
1189.0 0.00688
1190.0 0.00728
1191.0 0.00750
1192.0 0.00763
1193.0 0.00757
1194.0 0.00739
1195.0 0.00702
1196.0 0.00649
1197.0 0.00587
1198.0 0.00516
1199.0 0.00440
1200.0 0.00373
1201.0 0.00307
1202.0 0.00250
1203.0 0.00205
1204.0 0.00155
1205.0 0.00124
1206.0 0.00099
1207.0 0.00078
1208.0 0.00063
1209.0 0.00050
1210.0 0.00041
1211.0 0.00033
1212.0 0.00028
1213.0 0.00023
1214.0 0.00020
1215.0 0.00016
1216.0 0.00012
1217.0 0.00010
1218.0 0.00009
1219.0 0.00007
1220.0 0.00006
1221.0 0.00006
1222.0 0.00005
1223.0 0.00004
1224.0 0.00004
1225.0 0.00005
1226.0 0.00004
1227.0 0.00004
1228.0 0.00004
1229.0 0.00004
1230.0 0.00003
1231.0 0.00003
1232.0 0.00002
1233.0 0.00002
1234.0 0.00002
1235.0 0.00001
1236.0 0.00001
1237.0 0.00000
1238.0 0.00001
1239.0 0.00002
1240.0 0.00001
1241.0 0.00001
1242.0 0.00001
1243.0 0.00000
1244.0 0.00000
1245.0 0.00000
1246.0 0.00000
1247.0 0.00001
1248.0 0.00000
1249.0 0.00000
1250.0 0.00000
1251.0 0.00001
1252.0 0.00000
1253.0 0.00000
1254.0 0.00000
1255.0 0.00000
1256.0 0.00000
1257.0 0.00000
1258.0 0.00000
1259.0 -0.00001
1260.0 -0.00002
1261.0 -0.00001
1262.0 0.00000
1263.0 0.00001
1264.0 0.00001
1265.0 0.00000
1266.0 0.00000
1267.0 0.00001
1268.0 0.00001
1269.0 0.00001
1270.0 0.00001
1271.0 0.00001
1272.0 0.00001
1273.0 0.00001
1274.0 0.00000
1275.0 0.00000
1276.0 0.00000
1277.0 -0.00001
1278.0 -0.00001
1279.0 -0.00001
1280.0 -0.00002
1281.0 -0.00001
1282.0 0.00000
1283.0 0.00000
1284.0 0.00000
1285.0 0.00000
1286.0 0.00001
1287.0 0.00001
1288.0 0.00002
1289.0 0.00002
1290.0 0.00001
1291.0 0.00001
1292.0 0.00000
1293.0 0.00000
1294.0 0.00000
1295.0 0.00000
1296.0 0.00000
1297.0 0.00000
1298.0 -0.00001
1299.0 -0.00001
1300.0 0.00000
1301.0 0.00000
1302.0 0.00000
1303.0 0.00001
1304.0 0.00000
1305.0 0.00000
1306.0 0.00001
1307.0 0.00002
1308.0 0.00001
1309.0 0.00000
1310.0 0.00000
1311.0 -0.00001
1312.0 0.00000
1313.0 0.00001
1314.0 0.00001
1315.0 0.00000
1316.0 0.00000
1317.0 0.00000
1318.0 0.00000
1319.0 0.00000
1320.0 0.00000
1321.0 0.00000
1322.0 0.00000
1323.0 0.00001
1324.0 0.00002
1325.0 0.00001
1326.0 0.00000
1327.0 0.00000
1328.0 0.00000
1329.0 0.00000
1330.0 0.00000
1331.0 0.00001
1332.0 0.00000
1333.0 0.00000
1334.0 0.00000
1335.0 0.00000
1336.0 0.00000
1337.0 0.00001
1338.0 0.00001
1339.0 0.00001
1340.0 0.00000
1341.0 0.00000
1342.0 0.00000
1343.0 0.00000
1344.0 0.00000
1345.0 0.00000
1346.0 0.00000
1347.0 0.00000
1348.0 0.00000
1349.0 0.00000
1350.0 0.00000
1351.0 0.00000
1352.0 0.00000
1353.0 0.00000
1354.0 -0.00000
1355.0 0.00000
1356.0 0.00000
1357.0 0.00000
1358.0 0.00000
1359.0 0.00000
1360.0 0.00000
1361.0 0.00000
1362.0 0.00000
1363.0 0.00000
1364.0 0.00000
1365.0 0.00000
1366.0 0.00000
1367.0 0.00000
1368.0 0.00000
1369.0 0.00000
1370.0 0.00000
1371.0 0.00000
1372.0 0.00000
1373.0 0.00000
1374.0 0.00000
1375.0 0.00000
1376.0 0.00000
1377.0 0.00000
1378.0 0.00000
1379.0 0.00000
1380.0 -0.00000
1381.0 -0.00000
1382.0 -0.00000
1383.0 0.00000
1384.0 0.00000
1385.0 0.00000
1386.0 0.00000
1387.0 0.00000
1388.0 0.00000
1389.0 0.00000
1390.0 0.00000
1391.0 0.00001
1392.0 0.00000
1393.0 0.00000
1394.0 0.00000
1395.0 0.00000
1396.0 0.00000
1397.0 0.00000
1398.0 0.00000
1399.0 0.00000
1400.0 0.00000
1401.0 0.00000
1402.0 0.00001
1403.0 0.00000
1404.0 0.00000
1405.0 -0.00000
1406.0 -0.00001
1407.0 0.00000
1408.0 0.00001
1409.0 0.00000
1410.0 0.00000
1411.0 0.00000
1412.0 0.00000
1413.0 0.00000
1414.0 0.00001
1415.0 0.00000
1416.0 -0.00001
1417.0 0.00000
1418.0 0.00000
1419.0 -0.00000
1420.0 0.00000
1421.0 0.00000
1422.0 0.00000
1423.0 0.00000
1424.0 0.00000
1425.0 -0.00001
1426.0 0.00000
1427.0 0.00001
1428.0 0.00000
1429.0 0.00000
1430.0 0.00001
1431.0 0.00001
1432.0 0.00001
1433.0 0.00001
1434.0 0.00001
1435.0 0.00001
1436.0 0.00001
1437.0 0.00001
1438.0 0.00000
1439.0 0.00001
1440.0 0.00000
1441.0 0.00000
1442.0 0.00000
1443.0 0.00000
1444.0 0.00000
1445.0 0.00000
1446.0 -0.00001
1447.0 0.00000
1448.0 0.00001
1449.0 0.00001
1450.0 0.00000
1451.0 -0.00001
1452.0 0.00000
1453.0 0.00000
1454.0 0.00000
1455.0 -0.00001
1456.0 0.00000
1457.0 0.00001
1458.0 0.00000
1459.0 0.00001
1460.0 0.00000
1461.0 0.00000
1462.0 0.00000
1463.0 0.00000
1464.0 0.00000
1465.0 0.00000
1466.0 0.00000
1467.0 0.00001
1468.0 0.00001
1469.0 0.00001
1470.0 0.00001
1471.0 0.00001
1472.0 0.00001
1473.0 0.00001
1474.0 0.00001
1475.0 0.00000
1476.0 0.00000
1477.0 0.00000
1478.0 0.00000
1479.0 0.00000
1480.0 0.00000
1481.0 0.00000
1482.0 0.00000
1483.0 0.00000
1484.0 0.00000
1485.0 0.00000
1486.0 0.00000
1487.0 0.00000
1488.0 0.00000
1489.0 0.00001
1490.0 0.00000
1491.0 0.00000
1492.0 0.00000
1493.0 0.00000
1494.0 0.00000
1495.0 0.00000
1496.0 0.00000
1497.0 0.00000
1498.0 0.00000
1499.0 0.00000
1500.0 0.00000
1501.0 0.00000
1502.0 0.00000
1503.0 0.00000
1504.0 0.00000
1505.0 0.00000
1506.0 -0.00001
1507.0 0.00000
1508.0 0.00000
1509.0 0.00000
1510.0 0.00000
1511.0 0.00001
1512.0 0.00000
1513.0 0.00000
1514.0 0.00000
1515.0 0.00000
1516.0 0.00000
1517.0 -0.00001
1518.0 -0.00001
1519.0 -0.00001
1520.0 -0.00001
1521.0 -0.00001
1522.0 -0.00001
1523.0 0.00000
1524.0 0.00000
1525.0 0.00001
1526.0 0.00000
1527.0 0.00000
1528.0 0.00000
1529.0 0.00000
1530.0 0.00000
1531.0 0.00000
1532.0 0.00000
1533.0 0.00001
1534.0 0.00001
1535.0 0.00001
1536.0 0.00001
1537.0 0.00000
1538.0 0.00001
1539.0 0.00000
1540.0 0.00000
1541.0 0.00000
1542.0 -0.00001
1543.0 0.00000
1544.0 0.00001
1545.0 0.00000
1546.0 0.00000
1547.0 0.00000
1548.0 0.00000
1549.0 0.00000
1550.0 0.00000
1551.0 0.00000
1552.0 0.00000
1553.0 0.00000
1554.0 0.00001
1555.0 0.00001
1556.0 0.00000
1557.0 0.00000
1558.0 0.00000
1559.0 0.00000
1560.0 0.00000
1561.0 0.00000
1562.0 0.00000
1563.0 0.00000
1564.0 0.00000
1565.0 0.00000
1566.0 0.00000
1567.0 0.00000
1568.0 0.00001
1569.0 0.00001
1570.0 0.00001
1571.0 0.00001
1572.0 0.00000
1573.0 0.00000
1574.0 0.00000
1575.0 0.00000
1576.0 -0.00001
1577.0 -0.00001
1578.0 -0.00001
1579.0 0.00000
1580.0 0.00000
1581.0 0.00000
1582.0 0.00000
1583.0 0.00000
1584.0 0.00000
1585.0 0.00000
1586.0 0.00000
1587.0 -0.00001
1588.0 0.00000
1589.0 0.00000
1590.0 0.00000
1591.0 0.00000
1592.0 0.00000
1593.0 0.00001
1594.0 0.00000
1595.0 0.00001
1596.0 0.00001
1597.0 0.00001
1598.0 0.00000
1599.0 0.00000
1600.0 0.00000
1601.0 0.00001
1602.0 0.00001
1603.0 0.00000
1604.0 0.00001
1605.0 0.00000
1606.0 0.00000
1607.0 0.00000
1608.0 0.00000
1609.0 0.00000
1610.0 0.00000
1611.0 0.00000
1612.0 0.00000
1613.0 0.00000
1614.0 0.00000
1615.0 0.00000
1616.0 0.00001
1617.0 0.00000
1618.0 0.00000
1619.0 0.00000
1620.0 0.00000
1621.0 0.00000
1622.0 0.00001
1623.0 0.00001
1624.0 0.00000
1625.0 0.00000
1626.0 0.00000
1627.0 0.00000
1628.0 0.00000
1629.0 0.00000
1630.0 0.00000
1631.0 0.00000
1632.0 0.00001
1633.0 0.00000
1634.0 0.00000
1635.0 0.00000
1636.0 0.00000
1637.0 0.00000
1638.0 0.00000
1639.0 0.00000
1640.0 0.00000
1641.0 0.00000
1642.0 0.00000
1643.0 -0.00001
1644.0 0.00000
1645.0 0.00000
1646.0 0.00000
1647.0 0.00000
1648.0 0.00001
1649.0 0.00001
1650.0 0.00000
1651.0 0.00000
1652.0 0.00000
1653.0 0.00000
1654.0 0.00000
1655.0 0.00000
1656.0 0.00000
1657.0 0.00000
1658.0 0.00000
1659.0 0.00000
1660.0 0.00001
1661.0 0.00000
1662.0 0.00000
1663.0 0.00000
1664.0 -0.00001
1665.0 -0.00001
1666.0 0.00000
1667.0 0.00000
1668.0 0.00000
1669.0 0.00000
1670.0 0.00000
1671.0 0.00000
1672.0 0.00001
1673.0 0.00001
1674.0 0.00000
1675.0 0.00001
1676.0 0.00001
1677.0 0.00000
1678.0 0.00000
1679.0 0.00000
1680.0 0.00001
1681.0 0.00001
1682.0 0.00001
1683.0 0.00000
1684.0 0.00000
1685.0 0.00000
1686.0 -0.00001
1687.0 -0.00001
1688.0 0.00000
1689.0 0.00000
1690.0 0.00000
1691.0 0.00000
1692.0 0.00000
1693.0 0.00000
1694.0 0.00000
1695.0 0.00000
1696.0 0.00001
1697.0 0.00000
1698.0 0.00001
1699.0 0.00000
1700.0 0.00000
1701.0 0.00001
1702.0 0.00000
1703.0 0.00000
1704.0 0.00000
1705.0 0.00001
1706.0 0.00000
1707.0 0.00000
1708.0 0.00000
1709.0 0.00000
1710.0 0.00000
1711.0 0.00001
1712.0 0.00001
1713.0 0.00000
1714.0 0.00000
1715.0 0.00000
1716.0 0.00000
1717.0 0.00000
1718.0 0.00000
1719.0 0.00000
1720.0 0.00000
1721.0 0.00000
1722.0 -0.00001
1723.0 0.00000
1724.0 0.00000
1725.0 0.00000
1726.0 -0.00001
1727.0 0.00000
1728.0 -0.00001
1729.0 -0.00001
1730.0 0.00000
1731.0 0.00000
1732.0 0.00000
1733.0 0.00000
1734.0 0.00000
1735.0 0.00001
1736.0 0.00000
1737.0 0.00000
1738.0 0.00000
1739.0 -0.00001
1740.0 0.00000
1741.0 0.00000
1742.0 0.00000
1743.0 0.00001
1744.0 0.00000
1745.0 0.00000
1746.0 0.00000
1747.0 0.00001
1748.0 0.00001
1749.0 0.00001
1750.0 0.00001
1751.0 0.00001
1752.0 0.00000
1753.0 0.00001
1754.0 0.00001
1755.0 0.00001
1756.0 0.00002
1757.0 0.00001
1758.0 0.00001
1759.0 0.00001
1760.0 0.00000
1761.0 0.00001
1762.0 0.00000
1763.0 0.00001
1764.0 0.00001
1765.0 0.00001
1766.0 0.00001
1767.0 0.00001
1768.0 0.00002
1769.0 0.00002
1770.0 0.00001
1771.0 0.00001
1772.0 0.00002
1773.0 0.00002
1774.0 0.00001
1775.0 0.00001
1776.0 0.00001
1777.0 0.00001
1778.0 0.00001
1779.0 0.00002
1780.0 0.00001
1781.0 0.00001
1782.0 0.00001
1783.0 0.00001
1784.0 0.00001
1785.0 0.00001
1786.0 0.00001
1787.0 0.00001
1788.0 0.00001
1789.0 0.00002
1790.0 0.00003
1791.0 0.00002
1792.0 0.00002
1793.0 0.00002
1794.0 0.00002
1795.0 0.00002
1796.0 0.00002
1797.0 0.00001
1798.0 0.00002
1799.0 0.00003
1800.0 0.00002
1801.0 0.00048
1802.0 0.00019
1803.0 -0.00063
1804.0 -0.00044
1805.0 -0.00013
1806.0 0.00007
1807.0 0.00023
1808.0 0.00023
1809.0 -0.00013
1810.0 0.00005
1811.0 -0.00015
1812.0 -0.00020
1813.0 0.00020
1814.0 0.00044
1815.0 -0.00012
1816.0 0.00013
1817.0 0.00025
1818.0 0.00008
1819.0 -0.00012
1820.0 0.00003
1821.0 -0.00005
1822.0 0.00029
1823.0 0.00066
1824.0 -0.00020
1825.0 -0.00020
1826.0 -0.00025
1827.0 0.00003
1828.0 0.00047
1829.0 -0.00008
1830.0 -0.00039
1831.0 -0.00010
1832.0 0.00012
1833.0 -0.00011
1834.0 -0.00027
1835.0 -0.00004
1836.0 0.00004
1837.0 0.00008
1838.0 -0.00005
1839.0 0.00018
1840.0 0.00008
1841.0 0.00010
1842.0 0.00006
1843.0 -0.00005
1844.0 0.00024
1845.0 0.00107
1846.0 0.00023
1847.0 -0.00002
1848.0 -0.00001
1849.0 0.00003
1850.0 0.00031
1851.0 0.00042
1852.0 0.00061
1853.0 0.00001
1854.0 -0.00007
1855.0 0.00023
1856.0 0.00044
1857.0 -0.00001
1858.0 -0.00004
1859.0 0.00015
1860.0 0.00002
1861.0 0.00001
1862.0 -0.00045
1863.0 0.00008
1864.0 0.00045
1865.0 0.00015
1866.0 0.00051
1867.0 0.00052
1868.0 -0.00000
1869.0 -0.00039
1870.0 -0.00010
1871.0 0.00004
1872.0 0.00008
1873.0 -0.00004
1874.0 0.00001
1875.0 0.00000
1876.0 0.00008
1877.0 0.00016
1878.0 0.00064
1879.0 0.00049
1880.0 -0.00022
1881.0 0.00009
1882.0 0.00039
1883.0 0.00023
1884.0 0.00017
1885.0 0.00032
1886.0 0.00010
1887.0 0.00050
1888.0 0.00097
1889.0 0.00041
1890.0 0.00013
1891.0 0.00010
1892.0 0.00018
1893.0 0.00040
1894.0 0.00078
1895.0 0.00099
1896.0 0.00073
1897.0 0.00064
1898.0 -0.00008
1899.0 0.00025
1900.0 0.00020
1901.0 0.00066
1902.0 0.00111
1903.0 0.00033
1904.0 0.00095
1905.0 0.00030
1906.0 0.00015
1907.0 0.00007
1908.0 0.00054
1909.0 0.00084
1910.0 0.00101
1911.0 0.00072
1912.0 0.00073
1913.0 0.00037
1914.0 0.00020
1915.0 0.00108
1916.0 0.00123
1917.0 0.00140
1918.0 0.00270
1919.0 0.00230
1920.0 0.00047
1921.0 0.00076
1922.0 0.00312
1923.0 0.00283
1924.0 0.00177
1925.0 0.00411
1926.0 0.00419
1927.0 0.00223
1928.0 0.00390
1929.0 0.00456
1930.0 0.00555
1931.0 0.00367
1932.0 0.00543
1933.0 0.00639
1934.0 0.00560
1935.0 0.00805
1936.0 0.00766
1937.0 0.00786
1938.0 0.00798
1939.0 0.00868
1940.0 0.00995
1941.0 0.01090
1942.0 0.01179
1943.0 0.01304
1944.0 0.01258
1945.0 0.01243
1946.0 0.01689
1947.0 0.01703
1948.0 0.01685
1949.0 0.01836
1950.0 0.02082
1951.0 0.02186
1952.0 0.02233
1953.0 0.02029
1954.0 0.02061
1955.0 0.02058
1956.0 0.02079
1957.0 0.02293
1958.0 0.02514
1959.0 0.02717
1960.0 0.03690
1961.0 0.04263
1962.0 0.04586
1963.0 0.04263
1964.0 0.04599
1965.0 0.05003
1966.0 0.05518
1967.0 0.06305
1968.0 0.06689
1969.0 0.07555
1970.0 0.08275
1971.0 0.08986
1972.0 0.09546
1973.0 0.11170
1974.0 0.11775
1975.0 0.13257
1976.0 0.14539
1977.0 0.16163
1978.0 0.17461
1979.0 0.18653
1980.0 0.17078
1981.0 0.20923
1982.0 0.23252
1983.0 0.24334
1984.0 0.26773
1985.0 0.27286
1986.0 0.29787
1987.0 0.29057
1988.0 0.33433
1989.0 0.36327
1990.0 0.35336
1991.0 0.39437
1992.0 0.42262
1993.0 0.44460
1994.0 0.45846
1995.0 0.47472
1996.0 0.48703
1997.0 0.47412
1998.0 0.43320
1999.0 0.41535
2000.0 0.37317
2001.0 0.33951
2002.0 0.31068
2003.0 0.28123
2004.0 0.29341
2005.0 0.28616
2006.0 0.30565
2007.0 0.37242
2008.0 0.42797
2009.0 0.53592
2010.0 0.44275
2011.0 0.40150
2012.0 0.40207
2013.0 0.40250
2014.0 0.42286
2015.0 0.43730
2016.0 0.45162
2017.0 0.47419
2018.0 0.48789
2019.0 0.52621
2020.0 0.56870
2021.0 0.58377
2022.0 0.62571
2023.0 0.65060
2024.0 0.66895
2025.0 0.70435
2026.0 0.71268
2027.0 0.73706
2028.0 0.74104
2029.0 0.74250
2030.0 0.76906
2031.0 0.76072
2032.0 0.76261
2033.0 0.76773
2034.0 0.75748
2035.0 0.76930
2036.0 0.76630
2037.0 0.75728
2038.0 0.77138
2039.0 0.75760
2040.0 0.75102
2041.0 0.75682
2042.0 0.74509
2043.0 0.75969
2044.0 0.75521
2045.0 0.75581
2046.0 0.77085
2047.0 0.74102
2048.0 0.71975
2049.0 0.69482
2050.0 0.65511
2051.0 0.64283
2052.0 0.61382
2053.0 0.59672
2054.0 0.58690
2055.0 0.57627
2056.0 0.58238
2057.0 0.59578
2058.0 0.61615
2059.0 0.66628
2060.0 0.73532
2061.0 0.70570
2062.0 0.66760
2063.0 0.63802
2064.0 0.63127
2065.0 0.63961
2066.0 0.63454
2067.0 0.65127
2068.0 0.66833
2069.0 0.67307
2070.0 0.69590
2071.0 0.70790
2072.0 0.71793
2073.0 0.74159
2074.0 0.74412
2075.0 0.75526
2076.0 0.77589
2077.0 0.77663
2078.0 0.79113
2079.0 0.80947
2080.0 0.80578
2081.0 0.81571
2082.0 0.80602
2083.0 0.79967
2084.0 0.80853
2085.0 0.79770
2086.0 0.80729
2087.0 0.81813
2088.0 0.80948
2089.0 0.81760
2090.0 0.82032
2091.0 0.81593
2092.0 0.82844
2093.0 0.82698
2094.0 0.81778
2095.0 0.83693
2096.0 0.83352
2097.0 0.83011
2098.0 0.83807
2099.0 0.82393
2100.0 0.83071
2101.0 0.83746
2102.0 0.82525
2103.0 0.83857
2104.0 0.84252
2105.0 0.83201
2106.0 0.83943
2107.0 0.83874
2108.0 0.83112
2109.0 0.84353
2110.0 0.83833
2111.0 0.83132
2112.0 0.83806
2113.0 0.83578
2114.0 0.83678
2115.0 0.84464
2116.0 0.83505
2117.0 0.83857
2118.0 0.84104
2119.0 0.82708
2120.0 0.83670
2121.0 0.84373
2122.0 0.83659
2123.0 0.84418
2124.0 0.84022
2125.0 0.83377
2126.0 0.84695
2127.0 0.84209
2128.0 0.83169
2129.0 0.84867
2130.0 0.84159
2131.0 0.83873
2132.0 0.84850
2133.0 0.84211
2134.0 0.84116
2135.0 0.85129
2136.0 0.84066
2137.0 0.84088
2138.0 0.84884
2139.0 0.84203
2140.0 0.84369
2141.0 0.84831
2142.0 0.83809
2143.0 0.83934
2144.0 0.84761
2145.0 0.83810
2146.0 0.84001
2147.0 0.84889
2148.0 0.83862
2149.0 0.84014
2150.0 0.84395
2151.0 0.83029
2152.0 0.83324
2153.0 0.83965
2154.0 0.83342
2155.0 0.83780
2156.0 0.84096
2157.0 0.83435
2158.0 0.84368
2159.0 0.84157
2160.0 0.83355
2161.0 0.83448
2162.0 0.83846
2163.0 0.82649
2164.0 0.83715
2165.0 0.84316
2166.0 0.83255
2167.0 0.83487
2168.0 0.83930
2169.0 0.83030
2170.0 0.84339
2171.0 0.84421
2172.0 0.83450
2173.0 0.83516
2174.0 0.84106
2175.0 0.83371
2176.0 0.84284
2177.0 0.84541
2178.0 0.83150
2179.0 0.83576
2180.0 0.84609
2181.0 0.83982
2182.0 0.84627
2183.0 0.83850
2184.0 0.82916
2185.0 0.83298
2186.0 0.84812
2187.0 0.84020
2188.0 0.84504
2189.0 0.85292
2190.0 0.83934
2191.0 0.84662
2192.0 0.85212
2193.0 0.84458
2194.0 0.84806
2195.0 0.84287
2196.0 0.84547
2197.0 0.84838
2198.0 0.84302
2199.0 0.82867
2200.0 0.79469
2201.0 0.83038
2202.0 0.82984
2203.0 0.83745
2204.0 0.84692
2205.0 0.82946
2206.0 0.84559
2207.0 0.85313
2208.0 0.85068
2209.0 0.85008
2210.0 0.85465
2211.0 0.84570
2212.0 0.84697
2213.0 0.85787
2214.0 0.85048
2215.0 0.84524
2216.0 0.84005
2217.0 0.84325
2218.0 0.84466
2219.0 0.84814
2220.0 0.85126
2221.0 0.83376
2222.0 0.83283
2223.0 0.84924
2224.0 0.84365
2225.0 0.84132
2226.0 0.84238
2227.0 0.82648
2228.0 0.83608
2229.0 0.84570
2230.0 0.84333
2231.0 0.83191
2232.0 0.82241
2233.0 0.82955
2234.0 0.82860
2235.0 0.83615
2236.0 0.83033
2237.0 0.82486
2238.0 0.82560
2239.0 0.83676
2240.0 0.82328
2241.0 0.82130
2242.0 0.83095
2243.0 0.82763
2244.0 0.81433
2245.0 0.83288
2246.0 0.81759
2247.0 0.80360
2248.0 0.82977
2249.0 0.82839
2250.0 0.81880
2251.0 0.82421
2252.0 0.82918
2253.0 0.82051
2254.0 0.80633
2255.0 0.82433
2256.0 0.81107
2257.0 0.80232
2258.0 0.82469
2259.0 0.82768
2260.0 0.82044
2261.0 0.80187
2262.0 0.79214
2263.0 0.82463
2264.0 0.81617
2265.0 0.81263
2266.0 0.83726
2267.0 0.83520
2268.0 0.80809
2269.0 0.79930
2270.0 0.82146
2271.0 0.82744
2272.0 0.81405
2273.0 0.81903
2274.0 0.82956
2275.0 0.79396
2276.0 0.76200
2277.0 0.79318
2278.0 0.80995
2279.0 0.81044
2280.0 0.79693
2281.0 0.76321
2282.0 0.77567
2283.0 0.71577
2284.0 0.72640
2285.0 0.72991
2286.0 0.72826
2287.0 0.71675
2288.0 0.69970
2289.0 0.67167
2290.0 0.61867
2291.0 0.64038
2292.0 0.61366
2293.0 0.59585
2294.0 0.56967
2295.0 0.53684
2296.0 0.51338
2297.0 0.51417
2298.0 0.47674
2299.0 0.44563
2300.0 0.42465
2301.0 0.41007
2302.0 0.39727
2303.0 0.37319
2304.0 0.34220
2305.0 0.32803
2306.0 0.31448
2307.0 0.29386
2308.0 0.27759
2309.0 0.26610
2310.0 0.25165
2311.0 0.23919
2312.0 0.22028
2313.0 0.20902
2314.0 0.19567
2315.0 0.18171
2316.0 0.15987
2317.0 0.12984
2318.0 0.12893
2319.0 0.13022
2320.0 0.12448
2321.0 0.11803
2322.0 0.11007
2323.0 0.10397
2324.0 0.09893
2325.0 0.09207
2326.0 0.08636
2327.0 0.08294
2328.0 0.07674
2329.0 0.07039
2330.0 0.06836
2331.0 0.06271
2332.0 0.05717
2333.0 0.05538
2334.0 0.05134
2335.0 0.04719
2336.0 0.04433
2337.0 0.04272
2338.0 0.03866
2339.0 0.03583
2340.0 0.03202
2341.0 0.03148
2342.0 0.03077
2343.0 0.02955
2344.0 0.02838
2345.0 0.02647
2346.0 0.02521
2347.0 0.02369
2348.0 0.02222
2349.0 0.02188
2350.0 0.02021
2351.0 0.01838
2352.0 0.01746
2353.0 0.01643
2354.0 0.01627
2355.0 0.01559
2356.0 0.01311
2357.0 0.01336
2358.0 0.01250
2359.0 0.01151
2360.0 0.01259
2361.0 0.01186
2362.0 0.01042
2363.0 0.00999
2364.0 0.00938
2365.0 0.00913
2366.0 0.00864
2367.0 0.00837
2368.0 0.00759
2369.0 0.00741
2370.0 0.00707
2371.0 0.00588
2372.0 0.00648
2373.0 0.00709
2374.0 0.00642
2375.0 0.00502
2376.0 0.00435
2377.0 0.00400
2378.0 0.00374
2379.0 0.00388
2380.0 0.00353
2381.0 0.00305
2382.0 0.00376
2383.0 0.00378
2384.0 0.00304
2385.0 0.00332
2386.0 0.00309
2387.0 0.00319
2388.0 0.00346
2389.0 0.00404
2390.0 0.00365
2391.0 0.00283
2392.0 0.00216
2393.0 0.00204
2394.0 0.00157
2395.0 0.00155
2396.0 0.00183
2397.0 0.00151
2398.0 0.00130
2399.0 0.00127
2400.0 0.00090
2401.0 0.00246
2402.0 0.00273
2403.0 0.00162
2404.0 0.00152
2405.0 0.00192
2406.0 0.00224
2407.0 0.00208
2408.0 0.00139
2409.0 0.00165
2410.0 0.00157
2411.0 0.00130
2412.0 0.00104
2413.0 0.00067
2414.0 0.00046
2415.0 0.00022
2416.0 0.00019
2417.0 0.00055
2418.0 0.00035
2419.0 0.00039
2420.0 0.00086
2421.0 0.00071
2422.0 0.00048
2423.0 0.00161
2424.0 0.00214
2425.0 0.00156
2426.0 0.00068
2427.0 -0.00005
2428.0 0.00037
2429.0 0.00040
2430.0 0.00141
2431.0 0.00078
2432.0 0.00001
2433.0 -0.00065
2434.0 0.00019
2435.0 0.00043
2436.0 0.00022
2437.0 0.00016
2438.0 0.00062
2439.0 0.00066
2440.0 0.00074
2441.0 0.00105
2442.0 0.00079
2443.0 0.00027
2444.0 0.00096
2445.0 0.00128
2446.0 0.00046
2447.0 0.00078
2448.0 0.00032
2449.0 0.00030
2450.0 -0.00006
2451.0 -0.00012
2452.0 0.00017
2453.0 0.00109
2454.0 0.00025
2455.0 -0.00033
2456.0 -0.00057
2457.0 -0.00077
2458.0 -0.00056
2459.0 0.00067
2460.0 0.00072
2461.0 0.00107
2462.0 -0.00030
2463.0 -0.00010
2464.0 -0.00006
2465.0 -0.00056
2466.0 -0.00039
2467.0 -0.00096
2468.0 0.00021
2469.0 0.00021
2470.0 0.00020
2471.0 -0.00030
2472.0 -0.00006
2473.0 0.00013
2474.0 -0.00019
2475.0 -0.00042
2476.0 0.00059
2477.0 0.00104
2478.0 0.00024
2479.0 0.00061
2480.0 -0.00008
2481.0 -0.00029
2482.0 -0.00065
2483.0 -0.00070
2484.0 -0.00008
2485.0 0.00038
2486.0 0.00021
2487.0 -0.00030
2488.0 -0.00005
2489.0 0.00048
2490.0 0.00023
2491.0 0.00006
2492.0 0.00000
2493.0 0.00034
2494.0 0.00022
2495.0 0.00003
2496.0 -0.00069
2497.0 -0.00049
2498.0 -0.00009
2499.0 0.00007
2500.0 -0.00022
2503.1 0.00007
2506.3 0.00001
2509.4 -0.00001
2512.6 0.00005
2515.7 0.00003
2518.9 -0.00004
2522.1 -0.00001
2525.2 -0.00000
2528.4 0.00003
2531.7 0.00000
2534.8 -0.00002
2538.1 -0.00000
2541.3 0.00000
2544.5 -0.00000
2547.8 -0.00000
2551.0 -0.00000
2554.3 -0.00001
2557.5 -0.00001
2560.8 0.00000
2564.1 -0.00000
2567.4 -0.00000
2570.7 -0.00000
2574.0 -0.00000
2577.3 -0.00000
2580.7 -0.00000
2584.0 0.00000
2587.3 0.00000
2590.7 0.00000
2594.0 0.00000
2597.4 -0.00000
2600.8 0.00000
2604.2 0.00000
2607.6 0.00000
2611.0 -0.00000
2614.4 0.00000
2617.8 0.00000
2621.2 -0.00000
2624.7 -0.00000
2628.1 0.00000
2631.6 0.00000
2635.1 0.00000
2638.5 0.00000
2642.0 0.00000
2645.5 -0.00000
2649.0 0.00000
2652.5 0.00000
2656.0 0.00000
2659.6 -0.00000
2663.1 -0.00000
2666.7 -0.00000
2670.2 0.00000
2673.8 0.00000
2677.4 0.00000
2681.0 -0.00000
2684.6 -0.00000
2688.2 -0.00000
2691.8 0.00000
2695.4 0.00000
2699.1 0.00000
2702.7 0.00000
2706.4 0.00000
2710.0 0.00000
2713.7 0.00000
2717.4 -0.00000
2721.1 0.00000
2724.8 0.00000
2728.5 0.00000
2732.2 0.00000
2736.0 -0.00000
2739.7 0.00000
2743.5 0.00000
2747.2 -0.00000
2751.0 0.00000
2754.8 0.00000
2758.6 0.00000
2762.4 0.00000
2766.2 -0.00000
2770.1 -0.00000
2773.9 0.00000
2777.8 0.00000
2781.6 0.00000
2785.5 0.00000
2789.4 0.00000
2793.3 0.00000
2797.2 0.00000
2801.1 0.00000
2805.1 0.00000
2809.0 0.00000
2812.9 0.00000
2816.9 0.00000
2820.9 0.00000
2824.9 0.00000
2828.8 0.00000
2832.9 0.00000
2836.9 0.00000
2840.9 -0.00000
2844.9 0.00000
2849.0 0.00000
2853.1 0.00000
2857.1 0.00000
2861.2 0.00000
2865.3 0.00000
2869.4 0.00000
2873.6 0.00000
2877.7 0.00000
2881.8 0.00000
2886.0 0.00000
2890.2 0.00000
2894.4 0.00000
2898.6 0.00000
2902.8 0.00000
2907.0 0.00000
2911.2 0.00000
2915.4 0.00000
2919.7 0.00000
2924.0 0.00000
2928.3 0.00000
2932.6 0.00000
2936.9 0.00000
2941.2 -0.00000
2945.5 0.00000
2949.8 0.00000
2954.2 -0.00000
2958.6 0.00000
2963.0 0.00000
2967.4 0.00000
2971.8 0.00000
2976.2 0.00000
2980.6 0.00000
2985.1 0.00000
2989.5 0.00000
2994.0 0.00000
2998.5 0.00000
3003.0 0.00000
3007.5 -0.00000
3012.1 -0.00000
3016.6 -0.00000
3021.2 0.00000
3025.7 0.00000
3030.3 0.00000
3034.9 0.00000
3039.5 -0.00000
3044.1 0.00000
3048.8 0.00000
3053.4 0.00000
3058.1 0.00000
3062.8 -0.00000
3067.5 -0.00000
3072.2 0.00000
3076.9 -0.00000
3081.7 0.00000
3086.4 0.00000
3091.2 0.00000
3096.0 0.00000
3100.8 0.00000
3105.6 0.00000
3110.4 0.00000
3115.3 0.00000
3120.1 0.00000
3125.0 0.00000
3129.9 0.00000
3134.8 0.00000
3139.7 0.00000
3144.7 0.00000
3149.6 0.00000
3154.6 0.00000
3159.6 0.00000
3164.6 0.00000
3169.6 0.00000
3174.6 0.00000
3179.7 0.00000
3184.7 0.00000
3189.8 0.00000
3194.9 0.00000
3200.0 0.00000
