500.0 0.00000
501.0 0.00000
502.0 0.00000
503.0 0.00000
504.0 0.00000
505.0 0.00000
506.0 0.00000
507.0 0.00000
508.0 0.00000
509.0 0.00000
510.0 0.00000
511.0 0.00000
512.0 0.00000
513.0 0.00000
514.0 0.00000
515.0 0.00000
516.0 0.00000
517.0 0.00000
518.0 0.00000
519.0 0.00000
520.0 0.00000
521.0 0.00000
522.0 0.00000
523.0 0.00000
524.0 0.00000
525.0 0.00000
526.0 0.00000
527.0 0.00000
528.0 0.00000
529.0 0.00000
530.0 0.00000
531.0 0.00000
532.0 0.00000
533.0 0.00000
534.0 0.00000
535.0 0.00000
536.0 0.00000
537.0 0.00000
538.0 0.00000
539.0 0.00000
540.0 0.00000
541.0 0.00000
542.0 0.00000
543.0 0.00000
544.0 0.00000
545.0 0.00000
546.0 0.00000
547.0 0.00000
548.0 0.00000
549.0 0.00000
550.0 0.00000
551.0 0.00000
552.0 0.00000
553.0 0.00000
554.0 0.00000
555.0 0.00000
556.0 0.00000
557.0 0.00000
558.0 0.00000
559.0 0.00000
560.0 0.00000
561.0 0.00000
562.0 0.00000
563.0 0.00000
564.0 0.00000
565.0 0.00000
566.0 0.00000
567.0 0.00000
568.0 0.00000
569.0 0.00000
570.0 0.00000
571.0 0.00000
572.0 0.00000
573.0 0.00000
574.0 0.00000
575.0 0.00000
576.0 0.00000
577.0 0.00000
578.0 0.00000
579.0 0.00000
580.0 0.00000
581.0 0.00000
582.0 0.00000
583.0 0.00000
584.0 0.00000
585.0 0.00000
586.0 0.00000
587.0 0.00000
588.0 0.00000
589.0 0.00000
590.0 0.00000
591.0 0.00000
592.0 0.00000
593.0 0.00000
594.0 0.00000
595.0 0.00000
596.0 0.00000
597.0 0.00000
598.0 0.00000
599.0 0.00000
600.0 0.00000
601.0 0.00000
602.0 0.00000
603.0 0.00000
604.0 0.00000
605.0 0.00000
606.0 0.00000
607.0 0.00000
608.0 0.00000
609.0 0.00000
610.0 0.00000
611.0 0.00000
612.0 0.00000
613.0 0.00000
614.0 0.00000
615.0 0.00000
616.0 0.00000
617.0 0.00000
618.0 0.00000
619.0 0.00000
620.0 0.00000
621.0 0.00000
622.0 0.00000
623.0 0.00000
624.0 0.00000
625.0 0.00000
626.0 0.00000
627.0 0.00000
628.0 0.00000
629.0 0.00000
630.0 0.00000
631.0 0.00000
632.0 0.00000
633.0 0.00000
634.0 0.00000
635.0 0.00000
636.0 0.00000
637.0 0.00000
638.0 0.00000
639.0 0.00000
640.0 0.00000
641.0 0.00000
642.0 0.00000
643.0 0.00000
644.0 0.00000
645.0 0.00000
646.0 0.00000
647.0 0.00000
648.0 0.00000
649.0 0.00000
650.0 0.00000
651.0 0.00000
652.0 0.00000
653.0 0.00000
654.0 0.00000
655.0 0.00000
656.0 0.00000
657.0 0.00000
658.0 0.00000
659.0 0.00000
660.0 0.00000
661.0 0.00000
662.0 0.00000
663.0 0.00000
664.0 0.00000
665.0 0.00000
666.0 0.00000
667.0 0.00000
668.0 0.00000
669.0 0.00000
670.0 0.00000
671.0 0.00000
672.0 0.00000
673.0 0.00000
674.0 0.00000
675.0 0.00000
676.0 0.00000
677.0 0.00000
678.0 0.00000
679.0 0.00000
680.0 0.00000
681.0 0.00000
682.0 0.00000
683.0 0.00000
684.0 0.00000
685.0 0.00000
686.0 0.00000
687.0 0.00000
688.0 0.00000
689.0 0.00000
690.0 0.00000
691.0 0.00000
692.0 0.00000
693.0 0.00000
694.0 0.00000
695.0 0.00000
696.0 0.00000
697.0 0.00000
698.0 0.00000
699.0 0.00000
700.0 0.00000
701.0 0.00000
702.0 0.00000
703.0 0.00000
704.0 0.00000
705.0 0.00000
706.0 0.00000
707.0 0.00000
708.0 0.00000
709.0 0.00000
710.0 0.00000
711.0 0.00000
712.0 0.00000
713.0 0.00000
714.0 0.00000
715.0 0.00000
716.0 0.00000
717.0 0.00000
718.0 0.00000
719.0 0.00000
720.0 0.00000
721.0 0.00000
722.0 0.00000
723.0 0.00000
724.0 0.00000
725.0 0.00000
726.0 0.00000
727.0 0.00000
728.0 0.00000
729.0 0.00000
730.0 0.00000
731.0 0.00000
732.0 0.00000
733.0 0.00000
734.0 0.00000
735.0 0.00000
736.0 0.00000
737.0 0.00000
738.0 0.00000
739.0 0.00000
740.0 0.00000
741.0 0.00000
742.0 0.00000
743.0 0.00000
744.0 0.00000
745.0 0.00000
746.0 0.00000
747.0 0.00000
748.0 0.00000
749.0 0.00000
750.0 0.00000
751.0 0.00000
752.0 0.00000
753.0 0.00000
754.0 0.00000
755.0 0.00000
756.0 0.00000
757.0 0.00000
758.0 0.00000
759.0 0.00000
760.0 0.00000
761.0 0.00000
762.0 0.00000
763.0 0.00000
764.0 0.00000
765.0 0.00000
766.0 0.00000
767.0 0.00000
768.0 0.00000
769.0 0.00000
770.0 0.00000
771.0 0.00000
772.0 0.00000
773.0 0.00000
774.0 0.00000
775.0 0.00000
776.0 0.00000
777.0 0.00000
778.0 0.00000
779.0 0.00000
780.0 0.00000
781.0 0.00000
782.0 0.00000
783.0 0.00000
784.0 0.00000
785.0 0.00000
786.0 0.00000
787.0 0.00000
788.0 0.00000
789.0 0.00000
790.0 0.00000
791.0 0.00000
792.0 0.00000
793.0 0.00000
794.0 0.00000
795.0 0.00000
796.0 0.00000
797.0 0.00000
798.0 0.00000
799.0 0.00000
800.0 0.00000
801.0 0.00000
802.0 0.00000
803.0 0.00000
804.0 0.00000
805.0 0.00000
806.0 0.00000
807.0 0.00000
808.0 0.00000
809.0 0.00000
810.0 0.00000
811.0 0.00000
812.0 0.00000
813.0 0.00000
814.0 0.00000
815.0 0.00000
816.0 0.00000
817.0 0.00000
818.0 0.00000
819.0 0.00000
820.0 0.00000
821.0 0.00000
822.0 0.00000
823.0 0.00000
824.0 0.00000
825.0 0.00000
826.0 0.00000
827.0 0.00000
828.0 0.00000
829.0 -0.00000
830.0 -0.00000
831.0 -0.00000
832.0 0.00000
833.0 0.00000
834.0 0.00000
835.0 0.00000
836.0 0.00000
837.0 0.00000
838.0 0.00000
839.0 -0.00000
840.0 -0.00000
841.0 -0.00000
842.0 -0.00000
843.0 -0.00000
844.0 -0.00000
845.0 -0.00000
846.0 -0.00000
847.0 -0.00000
848.0 0.00000
849.0 0.00000
850.0 -0.00000
851.0 -0.00000
852.0 -0.00000
853.0 -0.00000
854.0 -0.00000
855.0 -0.00000
856.0 -0.00000
857.0 0.00000
858.0 0.00000
859.0 0.00000
860.0 0.00000
861.0 0.00000
862.0 0.00000
863.0 0.00000
864.0 0.00000
865.0 0.00000
866.0 0.00000
867.0 0.00000
868.0 0.00000
869.0 0.00000
870.0 0.00000
871.0 0.00000
872.0 0.00000
873.0 0.00000
874.0 0.00000
875.0 0.00000
876.0 0.00000
877.0 0.00000
878.0 0.00000
879.0 0.00000
880.0 0.00000
881.0 0.00000
882.0 0.00000
883.0 0.00000
884.0 0.00000
885.0 0.00000
886.0 0.00000
887.0 0.00000
888.0 0.00000
889.0 0.00000
890.0 0.00000
891.0 0.00000
892.0 0.00000
893.0 0.00000
894.0 0.00000
895.0 0.00000
896.0 0.00000
897.0 0.00000
898.0 0.00000
899.0 0.00000
900.0 0.00021
901.0 0.00022
902.0 0.00022
903.0 0.00021
904.0 0.00021
905.0 0.00021
906.0 0.00020
907.0 0.00019
908.0 0.00019
909.0 0.00018
910.0 0.00018
911.0 0.00017
912.0 0.00016
913.0 0.00016
914.0 0.00015
915.0 0.00015
916.0 0.00014
917.0 0.00014
918.0 0.00013
919.0 0.00013
920.0 0.00012
921.0 0.00012
922.0 0.00012
923.0 0.00011
924.0 0.00010
925.0 0.00010
926.0 0.00009
927.0 0.00009
928.0 0.00009
929.0 0.00008
930.0 0.00007
931.0 0.00007
932.0 0.00006
933.0 0.00006
934.0 0.00005
935.0 0.00004
936.0 0.00004
937.0 0.00004
938.0 0.00003
939.0 0.00004
940.0 0.00004
941.0 0.00003
942.0 0.00003
943.0 0.00002
944.0 0.00002
945.0 0.00003
946.0 0.00003
947.0 0.00003
948.0 0.00003
949.0 0.00004
950.0 0.00004
951.0 0.00004
952.0 0.00004
953.0 0.00004
954.0 0.00005
955.0 0.00005
956.0 0.00005
957.0 0.00005
958.0 0.00005
959.0 0.00005
960.0 0.00005
961.0 0.00005
962.0 0.00004
963.0 0.00005
964.0 0.00005
965.0 0.00004
966.0 0.00004
967.0 0.00003
968.0 0.00003
969.0 0.00003
970.0 0.00003
971.0 0.00002
972.0 0.00002
973.0 0.00002
974.0 0.00001
975.0 0.00001
976.0 0.00000
977.0 0.00001
978.0 0.00001
979.0 0.00000
980.0 0.00000
981.0 0.00000
982.0 0.00000
983.0 0.00000
984.0 0.00000
985.0 0.00000
986.0 0.00000
987.0 0.00000
988.0 0.00000
989.0 0.00000
990.0 0.00000
991.0 0.00000
992.0 0.00000
993.0 0.00000
994.0 0.00000
995.0 0.00000
996.0 0.00000
997.0 0.00000
998.0 0.00000
999.0 0.00000
1000.0 0.00001
1001.0 0.00000
1002.0 0.00000
1003.0 0.00000
1004.0 0.00000
1005.0 0.00000
1006.0 0.00001
1007.0 0.00001
1008.0 0.00001
1009.0 0.00001
1010.0 0.00000
1011.0 0.00001
1012.0 0.00001
1013.0 0.00001
1014.0 0.00001
1015.0 0.00000
1016.0 0.00000
1017.0 0.00000
1018.0 0.00001
1019.0 0.00000
1020.0 0.00000
1021.0 0.00000
1022.0 0.00000
1023.0 0.00000
1024.0 0.00000
1025.0 0.00000
1026.0 0.00000
1027.0 0.00000
1028.0 0.00000
1029.0 0.00000
1030.0 0.00000
1031.0 0.00000
1032.0 0.00000
1033.0 0.00000
1034.0 0.00000
1035.0 0.00000
1036.0 0.00000
1037.0 0.00000
1038.0 0.00000
1039.0 0.00000
1040.0 0.00000
1041.0 0.00000
1042.0 0.00001
1043.0 0.00001
1044.0 0.00001
1045.0 0.00001
1046.0 0.00001
1047.0 0.00001
1048.0 0.00000
1049.0 0.00001
1050.0 0.00001
1051.0 0.00001
1052.0 0.00001
1053.0 0.00001
1054.0 0.00001
1055.0 0.00001
1056.0 0.00001
1057.0 0.00001
1058.0 0.00001
1059.0 0.00001
1060.0 0.00001
1061.0 0.00001
1062.0 0.00001
1063.0 0.00001
1064.0 0.00001
1065.0 0.00001
1066.0 0.00001
1067.0 0.00001
1068.0 0.00001
1069.0 0.00001
1070.0 0.00001
1071.0 0.00001
1072.0 0.00001
1073.0 0.00002
1074.0 0.00002
1075.0 0.00002
1076.0 0.00002
1077.0 0.00002
1078.0 0.00002
1079.0 0.00002
1080.0 0.00002
1081.0 0.00002
1082.0 0.00002
1083.0 0.00003
1084.0 0.00003
1085.0 0.00003
1086.0 0.00003
1087.0 0.00003
1088.0 0.00003
1089.0 0.00004
1090.0 0.00004
1091.0 0.00004
1092.0 0.00004
1093.0 0.00005
1094.0 0.00005
1095.0 0.00006
1096.0 0.00006
1097.0 0.00006
1098.0 0.00007
1099.0 0.00007
1100.0 -0.00017
1101.0 -0.00026
1102.0 -0.00035
1103.0 -0.00064
1104.0 -0.00093
1105.0 -0.00007
1106.0 0.00079
1107.0 0.00029
1108.0 -0.00022
1109.0 0.00038
1110.0 0.00098
1111.0 0.00026
1112.0 -0.00045
1113.0 -0.00048
1114.0 -0.00053
1115.0 -0.00023
1116.0 0.00004
1117.0 0.00043
1118.0 0.00089
1119.0 0.00055
1120.0 0.00028
1121.0 0.00015
1122.0 0.00001
1123.0 0.00040
1124.0 0.00082
1125.0 0.00095
1126.0 0.00098
1127.0 0.00119
1128.0 0.00117
1129.0 0.00128
1130.0 0.00136
1131.0 0.00208
1132.0 0.00255
1133.0 0.00245
1134.0 0.00208
1135.0 0.00189
1136.0 0.00274
1137.0 0.00373
1138.0 0.00418
1139.0 0.00508
1140.0 0.00578
1141.0 0.00560
1142.0 0.00586
1143.0 0.00773
1144.0 0.00838
1145.0 0.00918
1146.0 0.01025
1147.0 0.01121
1148.0 0.01441
1149.0 0.01667
1150.0 0.01846
1151.0 0.02377
1152.0 0.02698
1153.0 0.03217
1154.0 0.03853
1155.0 0.04736
1156.0 0.05468
1157.0 0.06928
1158.0 0.08037
1159.0 0.10008
1160.0 0.12036
1161.0 0.15132
1162.0 0.18149
1163.0 0.22559
1164.0 0.26745
1165.0 0.31885
1166.0 0.36977
1167.0 0.42855
1168.0 0.48606
1169.0 0.53382
1170.0 0.58134
1171.0 0.60888
1172.0 0.63827
1173.0 0.64718
1174.0 0.64707
1175.0 0.65754
1176.0 0.66077
1177.0 0.65266
1178.0 0.63783
1179.0 0.64193
1180.0 0.63492
1181.0 0.63139
1182.0 0.60806
1183.0 0.62665
1184.0 0.62095
1185.0 0.61732
1186.0 0.62663
1187.0 0.62520
1188.0 0.61562
1189.0 0.63001
1190.0 0.63805
1191.0 0.64182
1192.0 0.64833
1193.0 0.65274
1194.0 0.65847
1195.0 0.66460
1196.0 0.67041
1197.0 0.67669
1198.0 0.68013
1199.0 0.67986
1200.0 0.69218
1201.0 0.69572
1202.0 0.69919
1203.0 0.70310
1204.0 0.69092
1205.0 0.70578
1206.0 0.71664
1207.0 0.71496
1208.0 0.71755
1209.0 0.71976
1210.0 0.72435
1211.0 0.72562
1212.0 0.72603
1213.0 0.73102
1214.0 0.73030
1215.0 0.73001
1216.0 0.73358
1217.0 0.73381
1218.0 0.73410
1219.0 0.73192
1220.0 0.73554
1221.0 0.73807
1222.0 0.73640
1223.0 0.73817
1224.0 0.73991
1225.0 0.74239
1226.0 0.74381
1227.0 0.74348
1228.0 0.74688
1229.0 0.74940
1230.0 0.75192
1231.0 0.75400
1232.0 0.75535
1233.0 0.75672
1234.0 0.75942
1235.0 0.76080
1236.0 0.76217
1237.0 0.76369
1238.0 0.76556
1239.0 0.76659
1240.0 0.76758
1241.0 0.76788
1242.0 0.76842
1243.0 0.76868
1244.0 0.76887
1245.0 0.76834
1246.0 0.76782
1247.0 0.76625
1248.0 0.76444
1249.0 0.76310
1250.0 0.76140
1251.0 0.75757
1252.0 0.75532
1253.0 0.75043
1254.0 0.74459
1255.0 0.74240
1256.0 0.73420
1257.0 0.72990
1258.0 0.72552
1259.0 0.71457
1260.0 0.71326
1261.0 0.69775
1262.0 0.69110
1263.0 0.67952
1264.0 0.66703
1265.0 0.66610
1266.0 0.65520
1267.0 0.66557
1268.0 0.63606
1269.0 0.55567
1270.0 0.65026
1271.0 0.66611
1272.0 0.66350
1273.0 0.66298
1274.0 0.66345
1275.0 0.66513
1276.0 0.66597
1277.0 0.66766
1278.0 0.66758
1279.0 0.67016
1280.0 0.67070
1281.0 0.67541
1282.0 0.67951
1283.0 0.68387
1284.0 0.68811
1285.0 0.68936
1286.0 0.69154
1287.0 0.69114
1288.0 0.69179
1289.0 0.69481
1290.0 0.70015
1291.0 0.70705
1292.0 0.71333
1293.0 0.71858
1294.0 0.72246
1295.0 0.72174
1296.0 0.72064
1297.0 0.72513
1298.0 0.73194
1299.0 0.74040
1300.0 0.74524
1301.0 0.74630
1302.0 0.75107
1303.0 0.74688
1304.0 0.74167
1305.0 0.75799
1306.0 0.76485
1307.0 0.76230
1308.0 0.76573
1309.0 0.76787
1310.0 0.75189
1311.0 0.76638
1312.0 0.77181
1313.0 0.76755
1314.0 0.76436
1315.0 0.76981
1316.0 0.76964
1317.0 0.75834
1318.0 0.76154
1319.0 0.75654
1320.0 0.74716
1321.0 0.75404
1322.0 0.74904
1323.0 0.72475
1324.0 0.71706
1325.0 0.72088
1326.0 0.71241
1327.0 0.69026
1328.0 0.66450
1329.0 0.62599
1330.0 0.62120
1331.0 0.58171
1332.0 0.55028
1333.0 0.54110
1334.0 0.50537
1335.0 0.48821
1336.0 0.43754
1337.0 0.41974
1338.0 0.38885
1339.0 0.36470
1340.0 0.32197
1341.0 0.29914
1342.0 0.27934
1343.0 0.25332
1344.0 0.20362
1345.0 0.19144
1346.0 0.16750
1347.0 0.14874
1348.0 0.10015
1349.0 0.10491
1350.0 0.08737
1351.0 0.07661
1352.0 0.06370
1353.0 0.04757
1354.0 0.04075
1355.0 0.02388
1356.0 0.02833
1357.0 0.02531
1358.0 0.01949
1359.0 0.01724
1360.0 0.01379
1361.0 0.00706
1362.0 0.00281
1363.0 0.01063
1364.0 0.00968
1365.0 0.00364
1366.0 0.00939
1367.0 0.00741
1368.0 0.00300
1369.0 0.00519
1370.0 0.00470
1371.0 0.00314
1372.0 0.00420
1373.0 0.00526
1374.0 0.00528
1375.0 0.00450
1376.0 0.00438
1377.0 0.00368
1378.0 0.00479
1379.0 0.00263
1380.0 0.00240
1381.0 0.00098
1382.0 0.00115
1383.0 0.00054
1384.0 0.00118
1385.0 0.00125
1386.0 0.00196
1387.0 0.00211
1388.0 0.00062
1389.0 0.00129
1390.0 0.00116
1391.0 0.00124
1392.0 0.00073
1393.0 0.00081
1394.0 0.00095
1395.0 0.00033
1396.0 0.00023
1397.0 0.00044
1398.0 0.00065
1399.0 0.00064
1400.0 0.00031
1401.0 0.00026
1402.0 0.00072
1403.0 0.00088
1404.0 0.00066
1405.0 0.00029
1406.0 0.00049
1407.0 0.00016
1408.0 0.00013
1409.0 -0.00001
1410.0 -0.00012
1411.0 0.00011
1412.0 0.00037
1413.0 0.00055
1414.0 0.00039
1415.0 0.00030
1416.0 0.00037
1417.0 0.00020
1418.0 0.00003
1419.0 -0.00020
1420.0 -0.00058
1421.0 0.00003
1422.0 0.00085
1423.0 0.00038
1424.0 0.00006
1425.0 -0.00004
1426.0 -0.00016
1427.0 0.00028
1428.0 0.00060
1429.0 0.00059
1430.0 0.00058
1431.0 0.00058
1432.0 0.00049
1433.0 0.00035
1434.0 0.00006
1435.0 0.00004
1436.0 0.00001
1437.0 0.00041
1438.0 0.00070
1439.0 0.00030
1440.0 -0.00029
1441.0 -0.00037
1442.0 -0.00045
1443.0 0.00008
1444.0 0.00068
1445.0 0.00039
1446.0 0.00012
1447.0 0.00015
1448.0 0.00014
1449.0 -0.00009
1450.0 -0.00025
1451.0 -0.00006
1452.0 0.00012
1453.0 0.00042
1454.0 0.00077
1455.0 0.00026
1456.0 -0.00018
1457.0 0.00007
1458.0 0.00031
1459.0 0.00027
1460.0 0.00019
1461.0 0.00015
1462.0 0.00012
1463.0 0.00007
1464.0 0.00004
1465.0 -0.00026
1466.0 -0.00054
1467.0 -0.00030
1468.0 -0.00009
1469.0 0.00011
1470.0 0.00028
1471.0 -0.00027
1472.0 -0.00089
1473.0 -0.00080
1474.0 -0.00073
1475.0 -0.00044
1476.0 -0.00009
1477.0 -0.00002
1478.0 0.00004
1479.0 0.00016
1480.0 0.00025
1481.0 0.00044
1482.0 0.00060
1483.0 0.00040
1484.0 0.00011
1485.0 0.00055
1486.0 0.00098
1487.0 0.00032
1488.0 -0.00031
1489.0 -0.00036
1490.0 -0.00039
1491.0 -0.00025
1492.0 -0.00010
1493.0 -0.00023
1494.0 -0.00035
1495.0 -0.00020
1496.0 -0.00006
1497.0 0.00018
1498.0 0.00042
1499.0 -0.00018
1500.0 -0.00079
1501.0 0.00003
1502.0 0.00003
1503.0 0.00002
1504.0 0.00002
1505.0 0.00002
1506.0 0.00002
1507.0 0.00002
1508.0 0.00002
1509.0 0.00002
1510.0 0.00003
1511.0 0.00003
1512.0 0.00003
1513.0 0.00003
1514.0 0.00003
1515.0 0.00003
1516.0 0.00003
1517.0 0.00003
1518.0 0.00003
1519.0 0.00003
1520.0 0.00003
1521.0 0.00003
1522.0 0.00003
1523.0 0.00003
1524.0 0.00003
1525.0 0.00003
1526.0 0.00003
1527.0 0.00003
1528.0 0.00003
1529.0 0.00003
1530.0 0.00003
1531.0 0.00003
1532.0 0.00003
1533.0 0.00003
1534.0 0.00003
1535.0 0.00003
1536.0 0.00003
1537.0 0.00003
1538.0 0.00003
1539.0 0.00003
1540.0 0.00003
1541.0 0.00003
1542.0 0.00003
1543.0 0.00003
1544.0 0.00003
1545.0 0.00003
1546.0 0.00003
1547.0 0.00003
1548.0 0.00003
1549.0 0.00003
1550.0 0.00003
1551.0 0.00003
1552.0 0.00003
1553.0 0.00003
1554.0 0.00002
1555.0 0.00002
1556.0 0.00002
1557.0 0.00003
1558.0 0.00003
1559.0 0.00003
1560.0 0.00003
1561.0 0.00003
1562.0 0.00003
1563.0 0.00003
1564.0 0.00003
1565.0 0.00003
1566.0 0.00003
1567.0 0.00003
1568.0 0.00003
1569.0 0.00003
1570.0 0.00003
1571.0 0.00003
1572.0 0.00002
1573.0 0.00003
1574.0 0.00003
1575.0 0.00003
1576.0 0.00002
1577.0 0.00003
1578.0 0.00003
1579.0 0.00003
1580.0 0.00003
1581.0 0.00003
1582.0 0.00003
1583.0 0.00003
1584.0 0.00002
1585.0 0.00003
1586.0 0.00003
1587.0 0.00003
1588.0 0.00003
1589.0 0.00003
1590.0 0.00003
1591.0 0.00003
1592.0 0.00003
1593.0 0.00003
1594.0 0.00003
1595.0 0.00003
1596.0 0.00003
1597.0 0.00003
1598.0 0.00003
1599.0 0.00003
1600.0 0.00003
1601.0 0.00003
1602.0 0.00003
1603.0 0.00003
1604.0 0.00003
1605.0 0.00003
1606.0 0.00003
1607.0 0.00003
1608.0 0.00003
1609.0 0.00003
1610.0 0.00003
1611.0 0.00003
1612.0 0.00003
1613.0 0.00003
1614.0 0.00003
1615.0 0.00003
1616.0 0.00003
1617.0 0.00004
1618.0 0.00004
1619.0 0.00004
1620.0 0.00004
1621.0 0.00004
1622.0 0.00004
1623.0 0.00004
1624.0 0.00004
1625.0 0.00004
1626.0 0.00004
1627.0 0.00004
1628.0 0.00004
1629.0 0.00004
1630.0 0.00004
1631.0 0.00004
1632.0 0.00004
1633.0 0.00004
1634.0 0.00004
1635.0 0.00004
1636.0 0.00004
1637.0 0.00004
1638.0 0.00004
1639.0 0.00004
1640.0 0.00005
1641.0 0.00005
1642.0 0.00005
1643.0 0.00005
1644.0 0.00005
1645.0 0.00005
1646.0 0.00005
1647.0 0.00005
1648.0 0.00005
1649.0 0.00005
1650.0 0.00006
1651.0 0.00005
1652.0 0.00005
1653.0 0.00006
1654.0 0.00006
1655.0 0.00006
1656.0 0.00006
1657.0 0.00006
1658.0 0.00006
1659.0 0.00007
1660.0 0.00007
1661.0 0.00007
1662.0 0.00007
1663.0 0.00007
1664.0 0.00007
1665.0 0.00007
1666.0 0.00007
1667.0 0.00008
1668.0 0.00008
1669.0 0.00009
1670.0 0.00009
1671.0 0.00009
1672.0 0.00009
1673.0 0.00009
1674.0 0.00009
1675.0 0.00010
1676.0 0.00010
1677.0 0.00010
1678.0 0.00010
1679.0 0.00011
1680.0 0.00011
1681.0 0.00011
1682.0 0.00012
1683.0 0.00012
1684.0 0.00011
1685.0 0.00011
1686.0 0.00011
1687.0 0.00011
1688.0 0.00012
1689.0 0.00012
1690.0 0.00012
1691.0 0.00012
1692.0 0.00012
1693.0 0.00012
1694.0 0.00011
1695.0 0.00011
1696.0 0.00011
1697.0 0.00011
1698.0 0.00011
1699.0 0.00011
1700.0 0.00010
1701.0 0.00010
1702.0 0.00010
1703.0 0.00009
1704.0 0.00009
1705.0 0.00009
1706.0 0.00008
1707.0 0.00008
1708.0 0.00008
1709.0 0.00007
1710.0 0.00007
1711.0 0.00007
1712.0 0.00006
1713.0 0.00006
1714.0 0.00006
1715.0 0.00005
1716.0 0.00005
1717.0 0.00005
1718.0 0.00005
1719.0 0.00005
1720.0 0.00005
1721.0 0.00004
1722.0 0.00004
1723.0 0.00004
1724.0 0.00003
1725.0 0.00003
1726.0 0.00003
1727.0 0.00003
1728.0 0.00003
1729.0 0.00003
1730.0 0.00003
1731.0 0.00003
1732.0 0.00003
1733.0 0.00003
1734.0 0.00003
1735.0 0.00003
1736.0 0.00003
1737.0 0.00003
1738.0 0.00003
1739.0 0.00003
1740.0 0.00003
1741.0 0.00003
1742.0 0.00003
1743.0 0.00003
1744.0 0.00003
1745.0 0.00003
1746.0 0.00003
1747.0 0.00003
1748.0 0.00003
1749.0 0.00004
1750.0 0.00004
1751.0 0.00004
1752.0 0.00004
1753.0 0.00004
1754.0 0.00005
1755.0 0.00005
1756.0 0.00006
1757.0 0.00006
1758.0 0.00006
1759.0 0.00007
1760.0 0.00007
1761.0 0.00007
1762.0 0.00008
1763.0 0.00008
1764.0 0.00009
1765.0 0.00009
1766.0 0.00008
1767.0 0.00009
1768.0 0.00009
1769.0 0.00009
1770.0 0.00009
1771.0 0.00008
1772.0 0.00008
1773.0 0.00008
1774.0 0.00007
1775.0 0.00007
1776.0 0.00006
1777.0 0.00006
1778.0 0.00005
1779.0 0.00004
1780.0 0.00004
1781.0 0.00004
1782.0 0.00003
1783.0 0.00003
1784.0 0.00003
1785.0 0.00002
1786.0 0.00002
1787.0 0.00002
1788.0 0.00002
1789.0 0.00002
1790.0 0.00001
1791.0 0.00001
1792.0 0.00001
1793.0 0.00001
1794.0 0.00001
1795.0 0.00001
1796.0 0.00000
1797.0 0.00000
1798.0 0.00000
1799.0 0.00000
1800.0 0.00000
1801.0 0.00000
1802.0 0.00000
1803.0 0.00000
1804.0 0.00000
1805.0 0.00000
1806.0 0.00000
1807.0 0.00000
1808.0 0.00000
1809.0 0.00000
1810.0 0.00000
1811.0 0.00000
1812.0 0.00000
1813.0 0.00000
1814.0 0.00000
1815.0 0.00000
1816.0 0.00000
1817.0 0.00000
1818.0 0.00000
1819.0 0.00000
1820.0 0.00000
1821.0 0.00000
1822.0 0.00000
1823.0 0.00000
1824.0 0.00000
1825.0 0.00000
1826.0 0.00000
1827.0 0.00000
1828.0 0.00000
1829.0 0.00000
1830.0 0.00000
1831.0 0.00000
1832.0 0.00000
1833.0 0.00000
1834.0 0.00000
1835.0 0.00000
1836.0 0.00000
1837.0 0.00000
1838.0 0.00000
1839.0 0.00000
1840.0 0.00000
1841.0 0.00000
1842.0 0.00000
1843.0 0.00000
1844.0 0.00000
1845.0 0.00000
1846.0 0.00000
1847.0 0.00000
1848.0 0.00000
1849.0 0.00000
1850.0 0.00000
1851.0 0.00000
1852.0 0.00000
1853.0 0.00000
1854.0 0.00000
1855.0 0.00000
1856.0 0.00000
1857.0 0.00000
1858.0 0.00000
1859.0 0.00000
1860.0 0.00000
1861.0 0.00000
1862.0 0.00000
1863.0 0.00000
1864.0 0.00000
1865.0 0.00000
1866.0 0.00000
1867.0 0.00000
1868.0 0.00000
1869.0 0.00000
1870.0 0.00000
1871.0 0.00000
1872.0 0.00000
1873.0 0.00000
1874.0 0.00000
1875.0 0.00000
1876.0 0.00000
1877.0 0.00000
1878.0 0.00000
1879.0 0.00000
1880.0 0.00000
1881.0 0.00000
1882.0 0.00000
1883.0 0.00000
1884.0 0.00000
1885.0 0.00000
1886.0 0.00000
1887.0 0.00000
1888.0 0.00000
1889.0 0.00000
1890.0 0.00000
1891.0 0.00000
1892.0 0.00000
1893.0 0.00000
1894.0 0.00000
1895.0 0.00000
1896.0 0.00000
1897.0 0.00000
1898.0 0.00000
1899.0 0.00000
1900.0 0.00000
1901.0 -0.00000
1902.0 -0.00001
1903.0 -0.00000
1904.0 0.00000
1905.0 0.00000
1906.0 0.00000
1907.0 0.00000
1908.0 0.00000
1909.0 0.00000
1910.0 0.00000
1911.0 0.00000
1912.0 0.00000
1913.0 0.00000
1914.0 0.00000
1915.0 0.00000
1916.0 0.00000
1917.0 0.00000
1918.0 0.00000
1919.0 0.00000
1920.0 0.00000
1921.0 0.00000
1922.0 0.00000
1923.0 0.00000
1924.0 0.00000
1925.0 0.00000
1926.0 0.00000
1927.0 0.00000
1928.0 0.00000
1929.0 0.00000
1930.0 0.00000
1931.0 0.00000
1932.0 0.00000
1933.0 0.00000
1934.0 0.00000
1935.0 0.00000
1936.0 0.00000
1937.0 0.00000
1938.0 0.00000
1939.0 0.00000
1940.0 0.00000
1941.0 0.00000
1942.0 0.00000
1943.0 0.00000
1944.0 0.00000
1945.0 0.00000
1946.0 0.00000
1947.0 0.00000
1948.0 0.00000
1949.0 0.00000
1950.0 0.00000
1951.0 0.00000
1952.0 0.00000
1953.0 0.00000
1954.0 0.00000
1955.0 0.00000
1956.0 0.00000
1957.0 0.00000
1958.0 0.00000
1959.0 0.00000
1960.0 0.00000
1961.0 0.00000
1962.0 0.00001
1963.0 0.00000
1964.0 0.00000
1965.0 0.00000
1966.0 0.00000
1967.0 0.00000
1968.0 0.00000
1969.0 0.00001
1970.0 0.00001
1971.0 0.00000
1972.0 0.00000
1973.0 0.00000
1974.0 0.00001
1975.0 0.00001
1976.0 0.00001
1977.0 0.00000
1978.0 0.00000
1979.0 0.00000
1980.0 0.00001
1981.0 0.00001
1982.0 0.00001
1983.0 0.00001
1984.0 0.00000
1985.0 0.00000
1986.0 0.00001
1987.0 0.00000
1988.0 0.00000
1989.0 0.00000
1990.0 0.00000
1991.0 0.00000
1992.0 0.00001
1993.0 0.00001
1994.0 0.00001
1995.0 0.00001
1996.0 0.00000
1997.0 0.00000
1998.0 0.00000
1999.0 0.00000
2000.0 0.00000
2001.0 0.00000
2002.0 0.00000
2003.0 0.00000
2004.0 0.00000
2005.0 0.00000
2006.0 0.00000
2007.0 0.00000
2008.0 0.00000
2009.0 0.00000
2010.0 0.00000
2011.0 0.00000
2012.0 0.00000
2013.0 0.00000
2014.0 0.00000
2015.0 0.00000
2016.0 0.00000
2017.0 0.00000
2018.0 0.00000
2019.0 -0.00000
2020.0 -0.00001
2021.0 -0.00000
2022.0 0.00000
2023.0 0.00000
2024.0 0.00000
2025.0 0.00000
2026.0 0.00000
2027.0 0.00000
2028.0 0.00000
2029.0 0.00001
2030.0 0.00001
2031.0 0.00000
2032.0 0.00000
2033.0 0.00000
2034.0 0.00000
2035.0 0.00000
2036.0 0.00000
2037.0 0.00000
2038.0 0.00000
2039.0 0.00000
2040.0 0.00000
2041.0 0.00001
2042.0 0.00001
2043.0 0.00000
2044.0 0.00000
2045.0 0.00000
2046.0 0.00000
2047.0 0.00000
2048.0 0.00000
2049.0 0.00000
2050.0 0.00000
2051.0 0.00000
2052.0 0.00000
2053.0 0.00000
2054.0 0.00001
2055.0 0.00000
2056.0 0.00000
2057.0 0.00000
2058.0 0.00000
2059.0 0.00000
2060.0 0.00001
2061.0 0.00001
2062.0 0.00000
2063.0 0.00000
2064.0 0.00000
2065.0 0.00000
2066.0 0.00000
2067.0 0.00000
2068.0 0.00000
2069.0 0.00000
2070.0 0.00000
2071.0 0.00000
2072.0 0.00000
2073.0 0.00000
2074.0 0.00000
2075.0 0.00000
2076.0 0.00000
2077.0 0.00000
2078.0 0.00001
2079.0 0.00001
2080.0 0.00000
2081.0 0.00000
2082.0 0.00000
2083.0 0.00000
2084.0 0.00001
2085.0 0.00001
2086.0 0.00000
2087.0 0.00000
2088.0 0.00000
2089.0 0.00000
2090.0 0.00000
2091.0 0.00001
2092.0 0.00001
2093.0 0.00000
2094.0 0.00000
2095.0 0.00000
2096.0 0.00000
2097.0 0.00000
2098.0 0.00000
2099.0 0.00000
2100.0 0.00000
2101.0 0.00000
2102.0 0.00001
2103.0 0.00001
2104.0 0.00001
2105.0 0.00001
2106.0 0.00000
2107.0 0.00000
2108.0 0.00001
2109.0 0.00001
2110.0 0.00000
2111.0 0.00000
2112.0 0.00000
2113.0 0.00000
2114.0 0.00000
2115.0 0.00000
2116.0 0.00001
2117.0 0.00000
2118.0 0.00000
2119.0 0.00000
2120.0 0.00000
2121.0 0.00000
2122.0 0.00000
2123.0 0.00000
2124.0 0.00000
2125.0 0.00000
2126.0 0.00001
2127.0 0.00001
2128.0 0.00001
2129.0 0.00001
2130.0 0.00000
2131.0 0.00000
2132.0 0.00000
2133.0 0.00001
2134.0 0.00001
2135.0 0.00000
2136.0 0.00000
2137.0 0.00000
2138.0 0.00001
2139.0 0.00001
2140.0 0.00001
2141.0 0.00000
2142.0 -0.00001
2143.0 -0.00000
2144.0 0.00000
2145.0 0.00000
2146.0 0.00000
2147.0 0.00000
2148.0 0.00000
2149.0 0.00000
2150.0 0.00000
2151.0 0.00001
2152.0 0.00001
2153.0 0.00001
2154.0 0.00000
2155.0 0.00000
2156.0 0.00000
2157.0 0.00000
2158.0 0.00000
2159.0 0.00000
2160.0 0.00000
2161.0 -0.00000
2162.0 -0.00001
2163.0 -0.00000
2164.0 0.00000
2165.0 0.00000
2166.0 0.00000
2167.0 0.00000
2168.0 0.00000
2169.0 0.00000
2170.0 0.00000
2171.0 0.00000
2172.0 0.00000
2173.0 -0.00000
2174.0 -0.00001
2175.0 -0.00000
2176.0 0.00000
2177.0 0.00000
2178.0 0.00000
2179.0 0.00000
2180.0 0.00000
2181.0 0.00000
2182.0 0.00001
2183.0 0.00000
2184.0 0.00000
2185.0 0.00000
2186.0 0.00000
2187.0 0.00001
2188.0 0.00001
2189.0 0.00001
2190.0 0.00000
2191.0 0.00000
2192.0 0.00000
2193.0 0.00000
2194.0 0.00001
2195.0 -0.00000
2196.0 -0.00001
2197.0 -0.00001
2198.0 -0.00001
2199.0 0.00000
2200.0 0.00002
2201.0 0.00000
2202.0 -0.00001
2203.0 -0.00001
2204.0 -0.00001
2205.0 0.00000
2206.0 0.00001
2207.0 0.00001
2208.0 0.00000
2209.0 -0.00000
2210.0 -0.00001
2211.0 -0.00000
2212.0 0.00000
2213.0 0.00001
2214.0 0.00001
2215.0 0.00000
2216.0 0.00000
2217.0 0.00001
2218.0 0.00003
2219.0 0.00002
2220.0 0.00000
2221.0 0.00000
2222.0 0.00000
2223.0 0.00001
2224.0 0.00002
2225.0 0.00001
2226.0 0.00000
2227.0 0.00000
2228.0 0.00000
2229.0 0.00001
2230.0 0.00002
2231.0 0.00001
2232.0 0.00000
2233.0 0.00000
2234.0 0.00000
2235.0 0.00002
2236.0 0.00003
2237.0 0.00002
2238.0 0.00001
2239.0 0.00000
2240.0 -0.00001
2241.0 0.00001
2242.0 0.00003
2243.0 0.00003
2244.0 0.00002
2245.0 0.00001
2246.0 0.00000
2247.0 0.00002
2248.0 0.00003
2249.0 0.00002
2250.0 0.00000
2251.0 -0.00000
2252.0 -0.00001
2253.0 -0.00000
2254.0 0.00001
2255.0 0.00001
2256.0 0.00000
2257.0 -0.00000
2258.0 -0.00001
2259.0 0.00000
2260.0 0.00002
2261.0 0.00001
2262.0 0.00000
2263.0 -0.00000
2264.0 -0.00001
2265.0 0.00001
2266.0 0.00002
2267.0 0.00001
2268.0 0.00001
2269.0 -0.00001
2270.0 -0.00002
2271.0 0.00000
2272.0 0.00002
2273.0 0.00001
2274.0 0.00000
2275.0 -0.00001
2276.0 -0.00002
2277.0 -0.00000
2278.0 0.00002
2279.0 0.00001
2280.0 0.00000
2281.0 -0.00001
2282.0 -0.00003
2283.0 -0.00000
2284.0 0.00002
2285.0 0.00001
2286.0 0.00001
2287.0 -0.00001
2288.0 -0.00002
2289.0 -0.00000
2290.0 0.00001
2291.0 0.00000
2292.0 -0.00001
2293.0 -0.00001
2294.0 -0.00001
2295.0 0.00000
2296.0 0.00001
2297.0 0.00000
2298.0 -0.00001
2299.0 -0.00001
2300.0 -0.00001
2301.0 0.00000
2302.0 0.00002
2303.0 0.00001
2304.0 0.00000
2305.0 -0.00001
2306.0 -0.00002
2307.0 0.00000
2308.0 0.00002
2309.0 0.00001
2310.0 0.00000
2311.0 0.00000
2312.0 0.00000
2313.0 0.00001
2314.0 0.00002
2315.0 0.00001
2316.0 0.00000
2317.0 0.00000
2318.0 0.00000
2319.0 0.00000
2320.0 0.00000
2321.0 0.00001
2322.0 0.00001
2323.0 0.00001
2324.0 0.00000
2325.0 0.00001
2326.0 0.00001
2327.0 0.00001
2328.0 0.00000
2329.0 0.00000
2330.0 0.00001
2331.0 0.00001
2332.0 0.00000
2333.0 0.00001
2334.0 0.00001
2335.0 0.00001
2336.0 0.00001
2337.0 0.00001
2338.0 0.00001
2339.0 0.00001
2340.0 0.00000
2341.0 -0.00000
2342.0 -0.00001
2343.0 -0.00000
2344.0 0.00000
2345.0 0.00000
2346.0 0.00001
2347.0 0.00000
2348.0 0.00000
2349.0 0.00000
2350.0 0.00000
2351.0 0.00000
2352.0 0.00000
2353.0 0.00000
2354.0 0.00000
2355.0 0.00000
2356.0 0.00001
2357.0 0.00001
2358.0 0.00000
2359.0 0.00000
2360.0 0.00000
2361.0 0.00000
2362.0 0.00000
2363.0 0.00000
2364.0 0.00000
2365.0 0.00000
2366.0 0.00000
2367.0 -0.00000
2368.0 -0.00001
2369.0 -0.00000
2370.0 0.00000
2371.0 0.00000
2372.0 0.00001
2373.0 0.00000
2374.0 0.00000
2375.0 0.00001
2376.0 0.00002
2377.0 0.00001
2378.0 0.00001
2379.0 0.00001
2380.0 0.00000
2381.0 0.00001
2382.0 0.00001
2383.0 0.00001
2384.0 0.00001
2385.0 0.00000
2386.0 -0.00001
2387.0 -0.00001
2388.0 -0.00001
2389.0 0.00000
2390.0 0.00001
2391.0 0.00001
2392.0 0.00000
2393.0 0.00000
2394.0 0.00001
2395.0 0.00001
2396.0 0.00000
2397.0 -0.00000
2398.0 -0.00001
2399.0 -0.00000
2400.0 0.00000
2401.0 0.00000
2402.0 0.00000
2403.0 0.00000
2404.0 0.00000
2405.0 0.00000
2406.0 0.00000
2407.0 0.00000
2408.0 0.00000
2409.0 -0.00000
2410.0 -0.00001
2411.0 -0.00000
2412.0 0.00001
2413.0 -0.00000
2414.0 -0.00001
2415.0 -0.00000
2416.0 0.00001
2417.0 0.00001
2418.0 0.00002
2419.0 0.00000
2420.0 -0.00001
2421.0 -0.00000
2422.0 0.00000
2423.0 0.00001
2424.0 0.00001
2425.0 0.00001
2426.0 0.00000
2427.0 0.00001
2428.0 0.00001
2429.0 0.00001
2430.0 0.00000
2431.0 -0.00001
2432.0 -0.00002
2433.0 -0.00001
2434.0 0.00000
2435.0 0.00000
2436.0 0.00000
2437.0 -0.00001
2438.0 -0.00002
2439.0 -0.00001
2440.0 0.00000
2441.0 0.00000
2442.0 0.00000
2443.0 0.00000
2444.0 0.00000
2445.0 0.00000
2446.0 0.00000
2447.0 0.00001
2448.0 0.00002
2449.0 0.00002
2450.0 0.00002
2451.0 0.00001
2452.0 0.00001
2453.0 0.00001
2454.0 0.00001
2455.0 0.00001
2456.0 0.00001
2457.0 0.00002
2458.0 0.00002
2459.0 0.00001
2460.0 -0.00001
2461.0 -0.00001
2462.0 -0.00001
2463.0 0.00000
2464.0 0.00002
2465.0 0.00001
2466.0 0.00000
2467.0 -0.00001
2468.0 -0.00001
2469.0 -0.00001
2470.0 0.00000
2471.0 -0.00001
2472.0 -0.00001
2473.0 -0.00001
2474.0 -0.00001
2475.0 -0.00000
2476.0 0.00000
2477.0 -0.00000
2478.0 -0.00001
2479.0 -0.00000
2480.0 0.00000
2481.0 0.00002
2482.0 0.00004
2483.0 0.00006
2484.0 0.00005
2485.0 0.00004
2486.0 0.00003
2487.0 0.00002
2488.0 0.00001
2489.0 -0.00000
2490.0 -0.00002
2491.0 -0.00001
2492.0 0.00000
2493.0 -0.00000
2494.0 -0.00000
2495.0 -0.00000
2496.0 -0.00001
2497.0 -0.00001
2498.0 0.00000
2499.0 0.00000
2500.0 0.00000
2503.1 0.00005
2506.3 0.00006
2509.4 0.00004
2512.6 0.00014
2515.7 0.00004
2518.9 -0.00003
2522.1 0.00003
2525.2 0.00010
2528.4 -0.00002
2531.7 -0.00001
2534.8 -0.00004
2538.1 -0.00001
2541.3 0.00001
2544.5 -0.00000
2547.8 0.00000
2551.0 -0.00000
2554.3 0.00002
2557.5 -0.00001
2560.8 0.00000
2564.1 0.00000
2567.4 0.00000
2570.7 0.00000
2574.0 -0.00000
2577.3 0.00000
2580.7 -0.00000
2584.0 -0.00000
2587.3 0.00000
2590.7 -0.00000
2594.0 -0.00000
2597.4 -0.00000
2600.8 0.00000
2604.2 -0.00000
2607.6 0.00000
2611.0 0.00000
2614.4 0.00000
2617.8 -0.00000
2621.2 0.00000
2624.7 0.00000
2628.1 0.00000
2631.6 0.00000
2635.1 0.00000
2638.5 -0.00000
2642.0 -0.00000
2645.5 0.00000
2649.0 0.00000
2652.5 0.00000
2656.0 0.00000
2659.6 0.00000
2663.1 -0.00000
2666.7 -0.00000
2670.2 0.00000
2673.8 0.00000
2677.4 -0.00000
2681.0 0.00000
2684.6 0.00000
2688.2 -0.00000
2691.8 -0.00000
2695.4 0.00000
2699.1 0.00000
2702.7 -0.00000
2706.4 -0.00000
2710.0 0.00000
2713.7 -0.00000
2717.4 0.00000
2721.1 0.00000
2724.8 -0.00000
2728.5 -0.00000
2732.2 0.00000
2736.0 -0.00000
2739.7 0.00000
2743.5 0.00000
2747.2 -0.00000
2751.0 -0.00000
2754.8 -0.00000
2758.6 -0.00000
2762.4 0.00000
2766.2 0.00000
2770.1 0.00000
2773.9 -0.00000
2777.8 -0.00000
2781.6 -0.00000
2785.5 -0.00000
2789.4 -0.00000
2793.3 -0.00000
2797.2 -0.00000
2801.1 -0.00000
2805.1 0.00000
2809.0 0.00000
2812.9 -0.00000
2816.9 -0.00000
2820.9 0.00000
2824.9 0.00000
2828.8 0.00000
2832.9 -0.00000
2836.9 0.00000
2840.9 0.00000
2844.9 -0.00000
2849.0 0.00000
2853.1 0.00000
2857.1 -0.00000
2861.2 -0.00000
2865.3 -0.00000
2869.4 0.00000
2873.6 0.00000
2877.7 0.00000
2881.8 -0.00000
2886.0 0.00000
2890.2 -0.00000
2894.4 0.00000
2898.6 -0.00000
2902.8 0.00000
2907.0 -0.00000
2911.2 0.00000
2915.4 0.00000
2919.7 0.00000
2924.0 -0.00000
2928.3 -0.00000
2932.6 0.00000
2936.9 0.00000
2941.2 -0.00000
2945.5 -0.00000
2949.8 0.00000
2954.2 0.00000
2958.6 0.00000
2963.0 0.00000
2967.4 0.00000
2971.8 0.00000
2976.2 0.00000
2980.6 0.00000
2985.1 0.00000
2989.5 0.00001
2994.0 0.00000
2998.5 0.00001
3003.0 0.00000
3007.5 0.00000
3012.1 0.00000
3016.6 0.00000
3021.2 0.00000
3025.7 0.00000
3030.3 0.00000
3034.9 0.00000
3039.5 0.00000
3044.1 0.00000
3048.8 0.00000
3053.4 0.00000
3058.1 0.00000
3062.8 0.00000
3067.5 0.00000
3072.2 0.00000
3076.9 0.00000
3081.7 0.00000
3086.4 0.00000
3091.2 0.00000
3096.0 0.00000
3100.8 0.00000
3105.6 0.00000
3110.4 0.00000
3115.3 0.00000
3120.1 0.00000
3125.0 0.00000
3129.9 0.00000
3134.8 0.00000
3139.7 0.00000
3144.7 0.00000
3149.6 0.00000
3154.6 0.00000
3159.6 0.00000
3164.6 0.00000
3169.6 0.00000
3174.6 0.00000
3179.7 0.00000
3184.7 0.00000
3189.8 0.00000
3194.9 0.00000
3200.0 0.00000
