500.0 0.00000
501.0 0.00000
502.0 0.00000
503.0 0.00000
504.0 0.00000
505.0 0.00000
506.0 0.00000
507.0 0.00000
508.0 0.00000
509.0 0.00000
510.0 0.00000
511.0 0.00000
512.0 0.00000
513.0 0.00000
514.0 0.00000
515.0 0.00000
516.0 0.00000
517.0 0.00000
518.0 0.00000
519.0 0.00000
520.0 0.00000
521.0 0.00000
522.0 0.00000
523.0 0.00000
524.0 0.00000
525.0 0.00000
526.0 0.00000
527.0 0.00000
528.0 0.00000
529.0 0.00000
530.0 0.00000
531.0 0.00000
532.0 0.00000
533.0 0.00000
534.0 0.00000
535.0 0.00000
536.0 0.00000
537.0 0.00000
538.0 0.00000
539.0 0.00000
540.0 0.00000
541.0 0.00000
542.0 0.00000
543.0 0.00000
544.0 0.00000
545.0 0.00000
546.0 0.00000
547.0 0.00000
548.0 0.00000
549.0 0.00000
550.0 0.00000
551.0 0.00000
552.0 0.00000
553.0 0.00000
554.0 0.00000
555.0 0.00000
556.0 0.00000
557.0 0.00000
558.0 0.00000
559.0 0.00000
560.0 0.00000
561.0 0.00000
562.0 0.00000
563.0 0.00000
564.0 0.00000
565.0 0.00000
566.0 0.00000
567.0 0.00000
568.0 0.00000
569.0 0.00000
570.0 0.00000
571.0 0.00000
572.0 0.00000
573.0 0.00000
574.0 0.00000
575.0 0.00000
576.0 0.00000
577.0 0.00000
578.0 0.00000
579.0 0.00000
580.0 0.00000
581.0 0.00000
582.0 0.00000
583.0 0.00000
584.0 0.00000
585.0 0.00000
586.0 0.00000
587.0 0.00000
588.0 0.00000
589.0 0.00000
590.0 0.00000
591.0 0.00000
592.0 0.00000
593.0 0.00000
594.0 0.00000
595.0 0.00000
596.0 0.00000
597.0 0.00000
598.0 0.00000
599.0 0.00000
600.0 0.00000
601.0 0.00000
602.0 0.00000
603.0 0.00000
604.0 0.00000
605.0 0.00000
606.0 0.00000
607.0 0.00000
608.0 0.00000
609.0 0.00000
610.0 0.00000
611.0 0.00000
612.0 0.00000
613.0 0.00000
614.0 0.00000
615.0 0.00000
616.0 0.00000
617.0 0.00000
618.0 0.00000
619.0 0.00000
620.0 0.00000
621.0 0.00000
622.0 0.00000
623.0 0.00000
624.0 0.00000
625.0 0.00000
626.0 0.00000
627.0 0.00000
628.0 0.00000
629.0 0.00000
630.0 0.00000
631.0 0.00000
632.0 0.00000
633.0 0.00000
634.0 0.00000
635.0 0.00000
636.0 0.00000
637.0 0.00000
638.0 0.00000
639.0 0.00000
640.0 0.00000
641.0 0.00000
642.0 0.00000
643.0 0.00000
644.0 0.00000
645.0 0.00000
646.0 0.00000
647.0 0.00000
648.0 0.00000
649.0 0.00000
650.0 0.00000
651.0 0.00000
652.0 0.00000
653.0 0.00000
654.0 0.00000
655.0 0.00000
656.0 0.00000
657.0 0.00000
658.0 0.00000
659.0 0.00000
660.0 0.00000
661.0 0.00000
662.0 0.00000
663.0 0.00000
664.0 0.00000
665.0 0.00000
666.0 0.00000
667.0 0.00000
668.0 0.00000
669.0 0.00000
670.0 0.00000
671.0 0.00000
672.0 0.00000
673.0 0.00000
674.0 0.00000
675.0 0.00000
676.0 0.00000
677.0 0.00000
678.0 0.00000
679.0 0.00000
680.0 0.00000
681.0 0.00000
682.0 0.00000
683.0 0.00000
684.0 0.00000
685.0 0.00000
686.0 0.00000
687.0 0.00000
688.0 0.00000
689.0 0.00000
690.0 0.00000
691.0 0.00000
692.0 0.00000
693.0 0.00000
694.0 0.00000
695.0 0.00000
696.0 0.00000
697.0 0.00000
698.0 0.00000
699.0 0.00000
700.0 0.00000
701.0 0.00000
702.0 0.00000
703.0 0.00000
704.0 0.00000
705.0 0.00000
706.0 0.00000
707.0 0.00000
708.0 0.00000
709.0 0.00000
710.0 0.00000
711.0 0.00000
712.0 0.00000
713.0 0.00000
714.0 0.00000
715.0 0.00000
716.0 0.00000
717.0 0.00000
718.0 0.00000
719.0 0.00000
720.0 0.00000
721.0 0.00000
722.0 0.00000
723.0 0.00000
724.0 0.00000
725.0 0.00000
726.0 0.00000
727.0 0.00000
728.0 0.00000
729.0 0.00000
730.0 0.00000
731.0 0.00000
732.0 0.00000
733.0 0.00000
734.0 0.00000
735.0 0.00000
736.0 0.00000
737.0 0.00000
738.0 0.00000
739.0 0.00000
740.0 0.00000
741.0 0.00000
742.0 0.00000
743.0 0.00000
744.0 0.00000
745.0 0.00000
746.0 0.00000
747.0 0.00000
748.0 0.00000
749.0 0.00000
750.0 0.00000
751.0 0.00000
752.0 0.00000
753.0 0.00000
754.0 0.00000
755.0 0.00000
756.0 0.00000
757.0 0.00000
758.0 0.00000
759.0 0.00000
760.0 0.00000
761.0 0.00000
762.0 0.00000
763.0 0.00000
764.0 0.00000
765.0 0.00000
766.0 0.00000
767.0 0.00000
768.0 0.00000
769.0 0.00000
770.0 0.00000
771.0 0.00000
772.0 0.00000
773.0 0.00000
774.0 0.00000
775.0 0.00000
776.0 0.00000
777.0 0.00000
778.0 0.00000
779.0 0.00000
780.0 0.00000
781.0 0.00000
782.0 0.00000
783.0 0.00000
784.0 0.00000
785.0 0.00000
786.0 0.00000
787.0 0.00000
788.0 0.00000
789.0 0.00000
790.0 0.00000
791.0 0.00000
792.0 0.00000
793.0 0.00000
794.0 0.00000
795.0 0.00000
796.0 0.00000
797.0 0.00000
798.0 0.00000
799.0 0.00000
800.0 0.00000
801.0 0.00000
802.0 0.00000
803.0 0.00000
804.0 0.00000
805.0 0.00000
806.0 0.00000
807.0 0.00000
808.0 0.00000
809.0 0.00000
810.0 0.00000
811.0 0.00000
812.0 0.00000
813.0 0.00000
814.0 0.00000
815.0 0.00000
816.0 0.00000
817.0 0.00000
818.0 0.00000
819.0 -0.00000
820.0 -0.00000
821.0 0.00000
822.0 -0.00000
823.0 -0.00000
824.0 -0.00000
825.0 -0.00000
826.0 -0.00000
827.0 -0.00000
828.0 -0.00000
829.0 -0.00000
830.0 -0.00000
831.0 -0.00000
832.0 -0.00000
833.0 -0.00000
834.0 -0.00000
835.0 -0.00000
836.0 -0.00000
837.0 -0.00000
838.0 -0.00000
839.0 -0.00000
840.0 -0.00000
841.0 -0.00000
842.0 -0.00000
843.0 -0.00000
844.0 -0.00000
845.0 -0.00000
846.0 -0.00000
847.0 -0.00000
848.0 -0.00000
849.0 -0.00000
850.0 -0.00000
851.0 -0.00000
852.0 -0.00000
853.0 -0.00000
854.0 -0.00000
855.0 -0.00000
856.0 -0.00000
857.0 0.00000
858.0 0.00000
859.0 0.00000
860.0 0.00000
861.0 -0.00000
862.0 0.00000
863.0 0.00000
864.0 0.00000
865.0 0.00000
866.0 0.00000
867.0 -0.00000
868.0 0.00000
869.0 0.00000
870.0 -0.00000
871.0 0.00000
872.0 0.00000
873.0 -0.00000
874.0 0.00000
875.0 0.00000
876.0 0.00000
877.0 0.00000
878.0 -0.00000
879.0 -0.00000
880.0 0.00000
881.0 0.00000
882.0 0.00000
883.0 0.00000
884.0 0.00000
885.0 0.00000
886.0 0.00000
887.0 0.00000
888.0 -0.00000
889.0 0.00000
890.0 -0.00000
891.0 -0.00000
892.0 0.00000
893.0 0.00000
894.0 -0.00000
895.0 0.00000
896.0 0.00000
897.0 0.00000
898.0 0.00000
899.0 0.00000
900.0 -0.00001
901.0 0.00001
902.0 0.00000
903.0 -0.00001
904.0 0.00002
905.0 0.00002
906.0 -0.00001
907.0 0.00001
908.0 0.00000
909.0 -0.00001
910.0 0.00000
911.0 0.00000
912.0 0.00000
913.0 0.00001
914.0 0.00000
915.0 0.00000
916.0 0.00001
917.0 0.00000
918.0 0.00000
919.0 0.00001
920.0 -0.00002
921.0 0.00001
922.0 0.00001
923.0 0.00000
924.0 0.00000
925.0 0.00001
926.0 0.00000
927.0 0.00001
928.0 0.00001
929.0 0.00000
930.0 0.00000
931.0 0.00001
932.0 -0.00001
933.0 0.00001
934.0 0.00000
935.0 0.00000
936.0 0.00000
937.0 0.00001
938.0 0.00000
939.0 0.00002
940.0 0.00001
941.0 0.00000
942.0 0.00000
943.0 0.00001
944.0 0.00000
945.0 0.00001
946.0 0.00001
947.0 0.00000
948.0 0.00000
949.0 0.00001
950.0 0.00000
951.0 0.00001
952.0 0.00000
953.0 0.00000
954.0 0.00001
955.0 0.00001
956.0 0.00000
957.0 0.00001
958.0 0.00001
959.0 0.00000
960.0 0.00000
961.0 0.00001
962.0 0.00000
963.0 0.00001
964.0 0.00001
965.0 0.00000
966.0 0.00000
967.0 0.00001
968.0 0.00000
969.0 0.00001
970.0 0.00000
971.0 0.00000
972.0 0.00000
973.0 0.00000
974.0 0.00000
975.0 0.00001
976.0 0.00001
977.0 0.00000
978.0 0.00000
979.0 0.00001
980.0 0.00000
981.0 0.00001
982.0 0.00000
983.0 0.00000
984.0 0.00000
985.0 0.00000
986.0 0.00000
987.0 0.00000
988.0 0.00000
989.0 0.00000
990.0 0.00000
991.0 0.00000
992.0 0.00000
993.0 0.00000
994.0 0.00000
995.0 0.00000
996.0 0.00000
997.0 0.00000
998.0 0.00000
999.0 0.00000
1000.0 0.00000
1001.0 0.00000
1002.0 0.00000
1003.0 0.00000
1004.0 0.00000
1005.0 0.00000
1006.0 0.00000
1007.0 0.00000
1008.0 0.00000
1009.0 0.00000
1010.0 0.00000
1011.0 0.00000
1012.0 0.00000
1013.0 0.00000
1014.0 0.00000
1015.0 0.00000
1016.0 0.00000
1017.0 0.00000
1018.0 0.00000
1019.0 0.00000
1020.0 0.00000
1021.0 0.00000
1022.0 0.00000
1023.0 0.00000
1024.0 0.00000
1025.0 0.00000
1026.0 0.00000
1027.0 0.00000
1028.0 0.00000
1029.0 0.00000
1030.0 0.00000
1031.0 0.00000
1032.0 0.00000
1033.0 0.00000
1034.0 0.00000
1035.0 0.00000
1036.0 0.00000
1037.0 0.00000
1038.0 0.00000
1039.0 0.00000
1040.0 0.00000
1041.0 0.00000
1042.0 0.00000
1043.0 0.00000
1044.0 0.00000
1045.0 0.00000
1046.0 0.00000
1047.0 0.00000
1048.0 0.00000
1049.0 0.00000
1050.0 0.00001
1051.0 0.00000
1052.0 0.00000
1053.0 0.00000
1054.0 0.00000
1055.0 0.00000
1056.0 0.00000
1057.0 0.00000
1058.0 0.00000
1059.0 0.00000
1060.0 0.00000
1061.0 0.00000
1062.0 0.00000
1063.0 0.00000
1064.0 0.00000
1065.0 0.00000
1066.0 0.00000
1067.0 0.00000
1068.0 0.00000
1069.0 0.00000
1070.0 0.00000
1071.0 0.00000
1072.0 0.00000
1073.0 0.00000
1074.0 0.00000
1075.0 0.00000
1076.0 0.00000
1077.0 0.00000
1078.0 0.00000
1079.0 0.00000
1080.0 0.00000
1081.0 0.00000
1082.0 0.00000
1083.0 0.00000
1084.0 0.00000
1085.0 0.00000
1086.0 0.00000
1087.0 0.00000
1088.0 0.00000
1089.0 0.00000
1090.0 0.00000
1091.0 0.00000
1092.0 0.00000
1093.0 0.00000
1094.0 0.00000
1095.0 0.00000
1096.0 0.00000
1097.0 0.00000
1098.0 0.00000
1099.0 0.00000
1100.0 0.00000
1101.0 0.00000
1102.0 0.00000
1103.0 0.00000
1104.0 0.00000
1105.0 0.00000
1106.0 0.00000
1107.0 0.00000
1108.0 0.00000
1109.0 0.00000
1110.0 0.00000
1111.0 0.00000
1112.0 0.00000
1113.0 0.00000
1114.0 0.00000
1115.0 0.00000
1116.0 0.00000
1117.0 0.00000
1118.0 0.00000
1119.0 0.00000
1120.0 0.00000
1121.0 0.00000
1122.0 0.00000
1123.0 0.00000
1124.0 0.00000
1125.0 0.00000
1126.0 0.00000
1127.0 0.00000
1128.0 0.00000
1129.0 0.00000
1130.0 0.00000
1131.0 0.00000
1132.0 0.00000
1133.0 0.00000
1134.0 0.00000
1135.0 0.00000
1136.0 0.00000
1137.0 0.00000
1138.0 0.00000
1139.0 0.00000
1140.0 0.00000
1141.0 0.00000
1142.0 0.00000
1143.0 0.00000
1144.0 0.00000
1145.0 0.00000
1146.0 0.00000
1147.0 0.00000
1148.0 0.00000
1149.0 0.00000
1150.0 0.00001
1151.0 0.00000
1152.0 0.00000
1153.0 0.00000
1154.0 0.00000
1155.0 0.00000
1156.0 0.00000
1157.0 0.00000
1158.0 0.00000
1159.0 0.00000
1160.0 0.00000
1161.0 0.00000
1162.0 0.00000
1163.0 0.00000
1164.0 0.00000
1165.0 0.00000
1166.0 0.00001
1167.0 0.00001
1168.0 0.00001
1169.0 0.00000
1170.0 0.00000
1171.0 0.00000
1172.0 0.00000
1173.0 0.00000
1174.0 0.00000
1175.0 0.00000
1176.0 0.00000
1177.0 0.00000
1178.0 0.00000
1179.0 0.00000
1180.0 0.00001
1181.0 0.00000
1182.0 0.00000
1183.0 0.00000
1184.0 0.00000
1185.0 0.00000
1186.0 0.00000
1187.0 0.00000
1188.0 0.00000
1189.0 0.00000
1190.0 0.00000
1191.0 0.00000
1192.0 0.00000
1193.0 0.00000
1194.0 0.00000
1195.0 0.00000
1196.0 0.00001
1197.0 0.00000
1198.0 0.00000
1199.0 0.00001
1200.0 0.00001
1201.0 0.00001
1202.0 0.00000
1203.0 0.00000
1204.0 0.00001
1205.0 0.00001
1206.0 0.00000
1207.0 0.00000
1208.0 0.00000
1209.0 0.00000
1210.0 0.00000
1211.0 0.00000
1212.0 0.00000
1213.0 0.00000
1214.0 0.00000
1215.0 0.00000
1216.0 0.00000
1217.0 0.00000
1218.0 0.00000
1219.0 0.00000
1220.0 0.00000
1221.0 0.00001
1222.0 0.00001
1223.0 0.00001
1224.0 0.00000
1225.0 0.00000
1226.0 0.00001
1227.0 0.00001
1228.0 0.00001
1229.0 0.00000
1230.0 0.00000
1231.0 0.00001
1232.0 0.00001
1233.0 0.00001
1234.0 0.00001
1235.0 0.00000
1236.0 0.00000
1237.0 0.00000
1238.0 0.00000
1239.0 0.00000
1240.0 0.00000
1241.0 0.00000
1242.0 0.00000
1243.0 0.00000
1244.0 0.00000
1245.0 0.00000
1246.0 0.00000
1247.0 0.00000
1248.0 0.00000
1249.0 0.00000
1250.0 0.00000
1251.0 0.00000
1252.0 0.00000
1253.0 0.00000
1254.0 0.00000
1255.0 0.00000
1256.0 0.00001
1257.0 0.00001
1258.0 0.00001
1259.0 0.00001
1260.0 0.00001
1261.0 0.00001
1262.0 0.00001
1263.0 0.00001
1264.0 0.00001
1265.0 0.00000
1266.0 0.00000
1267.0 0.00000
1268.0 0.00000
1269.0 0.00000
1270.0 0.00000
1271.0 0.00000
1272.0 0.00000
1273.0 0.00001
1274.0 0.00001
1275.0 0.00001
1276.0 0.00001
1277.0 0.00001
1278.0 0.00001
1279.0 0.00001
1280.0 0.00001
1281.0 0.00001
1282.0 0.00000
1283.0 0.00001
1284.0 0.00001
1285.0 0.00001
1286.0 0.00001
1287.0 0.00001
1288.0 0.00001
1289.0 0.00001
1290.0 0.00002
1291.0 0.00002
1292.0 0.00002
1293.0 0.00002
1294.0 0.00001
1295.0 0.00001
1296.0 0.00001
1297.0 0.00002
1298.0 0.00002
1299.0 0.00002
1300.0 0.00002
1301.0 0.00002
1302.0 0.00003
1303.0 0.00002
1304.0 0.00002
1305.0 0.00004
1306.0 0.00005
1307.0 0.00007
1308.0 0.00008
1309.0 0.00009
1310.0 0.00007
1311.0 0.00004
1312.0 0.00000
1313.0 0.00000
1314.0 0.00000
1315.0 0.00000
1316.0 0.00000
1317.0 0.00000
1318.0 0.00000
1319.0 0.00000
1320.0 0.00000
1321.0 -0.00001
1322.0 -0.00001
1323.0 -0.00001
1324.0 -0.00001
1325.0 -0.00001
1326.0 -0.00001
1327.0 0.00000
1328.0 -0.00001
1329.0 -0.00001
1330.0 -0.00001
1331.0 -0.00001
1332.0 -0.00001
1333.0 -0.00001
1334.0 -0.00001
1335.0 -0.00001
1336.0 -0.00001
1337.0 -0.00001
1338.0 -0.00001
1339.0 -0.00001
1340.0 -0.00001
1341.0 -0.00001
1342.0 -0.00001
1343.0 0.00000
1344.0 0.00000
1345.0 0.00000
1346.0 0.00000
1347.0 0.00000
1348.0 0.00000
1349.0 0.00001
1350.0 0.00001
1351.0 0.00001
1352.0 0.00001
1353.0 0.00001
1354.0 0.00001
1355.0 0.00001
1356.0 0.00001
1357.0 0.00001
1358.0 0.00001
1359.0 0.00001
1360.0 0.00001
1361.0 0.00001
1362.0 0.00000
1363.0 0.00001
1364.0 0.00001
1365.0 0.00000
1366.0 0.00002
1367.0 0.00001
1368.0 0.00001
1369.0 0.00001
1370.0 0.00001
1371.0 0.00001
1372.0 0.00001
1373.0 0.00002
1374.0 0.00002
1375.0 0.00002
1376.0 0.00002
1377.0 0.00002
1378.0 0.00003
1379.0 0.00002
1380.0 0.00002
1381.0 0.00001
1382.0 0.00002
1383.0 0.00001
1384.0 0.00002
1385.0 0.00002
1386.0 0.00003
1387.0 0.00004
1388.0 0.00002
1389.0 0.00005
1390.0 0.00005
1391.0 0.00005
1392.0 0.00003
1393.0 0.00004
1394.0 0.00005
1395.0 0.00002
1396.0 0.00002
1397.0 0.00005
1398.0 0.00009
1399.0 0.00008
1400.0 0.00016
1401.0 0.00008
1402.0 -0.00023
1403.0 -0.00015
1404.0 0.00006
1405.0 0.00022
1406.0 0.00018
1407.0 0.00001
1408.0 -0.00043
1409.0 0.00013
1410.0 0.00000
1411.0 0.00036
1412.0 0.00007
1413.0 -0.00021
1414.0 0.00017
1415.0 0.00057
1416.0 0.00010
1417.0 -0.00031
1418.0 -0.00028
1419.0 0.00012
1420.0 0.00024
1421.0 0.00040
1422.0 0.00088
1423.0 0.00001
1424.0 0.00047
1425.0 0.00122
1426.0 0.00107
1427.0 0.00081
1428.0 -0.00007
1429.0 0.00038
1430.0 0.00062
1431.0 0.00096
1432.0 0.00044
1433.0 0.00141
1434.0 0.00097
1435.0 0.00107
1436.0 0.00121
1437.0 0.00149
1438.0 0.00136
1439.0 0.00218
1440.0 0.00215
1441.0 0.00201
1442.0 0.00190
1443.0 0.00163
1444.0 0.00228
1445.0 0.00259
1446.0 0.00223
1447.0 0.00338
1448.0 0.00339
1449.0 0.00207
1450.0 0.00324
1451.0 0.00320
1452.0 0.00389
1453.0 0.00391
1454.0 0.00342
1455.0 0.00507
1456.0 0.00553
1457.0 0.00610
1458.0 0.00623
1459.0 0.00776
1460.0 0.00730
1461.0 0.00799
1462.0 0.00834
1463.0 0.00720
1464.0 0.00926
1465.0 0.00946
1466.0 0.01073
1467.0 0.01066
1468.0 0.01359
1469.0 0.01435
1470.0 0.01452
1471.0 0.01447
1472.0 0.01734
1473.0 0.01992
1474.0 0.02433
1475.0 0.02825
1476.0 0.02763
1477.0 0.03106
1478.0 0.03279
1479.0 0.04127
1480.0 0.04158
1481.0 0.04834
1482.0 0.05299
1483.0 0.06781
1484.0 0.07386
1485.0 0.08370
1486.0 0.09151
1487.0 0.09982
1488.0 0.11655
1489.0 0.13732
1490.0 0.15266
1491.0 0.17215
1492.0 0.19238
1493.0 0.22007
1494.0 0.24747
1495.0 0.26892
1496.0 0.29767
1497.0 0.33587
1498.0 0.37163
1499.0 0.41035
1500.0 0.44787
1501.0 0.49152
1502.0 0.52213
1503.0 0.55385
1504.0 0.58112
1505.0 0.62624
1506.0 0.66711
1507.0 0.70079
1508.0 0.71981
1509.0 0.72626
1510.0 0.76959
1511.0 0.78510
1512.0 0.79358
1513.0 0.80362
1514.0 0.81021
1515.0 0.81249
1516.0 0.81494
1517.0 0.81546
1518.0 0.81057
1519.0 0.80660
1520.0 0.80957
1521.0 0.80031
1522.0 0.79394
1523.0 0.79450
1524.0 0.78485
1525.0 0.77708
1526.0 0.77785
1527.0 0.76922
1528.0 0.76533
1529.0 0.76676
1530.0 0.75980
1531.0 0.75641
1532.0 0.76145
1533.0 0.75540
1534.0 0.75260
1535.0 0.75690
1536.0 0.75358
1537.0 0.75781
1538.0 0.76550
1539.0 0.76026
1540.0 0.76547
1541.0 0.77152
1542.0 0.77057
1543.0 0.77983
1544.0 0.78416
1545.0 0.78449
1546.0 0.79464
1547.0 0.79695
1548.0 0.79823
1549.0 0.80891
1550.0 0.80900
1551.0 0.81107
1552.0 0.82014
1553.0 0.81843
1554.0 0.82286
1555.0 0.82986
1556.0 0.82639
1557.0 0.83132
1558.0 0.83596
1559.0 0.83056
1560.0 0.83815
1561.0 0.84016
1562.0 0.83445
1563.0 0.84073
1564.0 0.83787
1565.0 0.83637
1566.0 0.84206
1567.0 0.83612
1568.0 0.83460
1569.0 0.83201
1570.0 0.81412
1571.0 0.80434
1572.0 0.79562
1573.0 0.79302
1574.0 0.80919
1575.0 0.82321
1576.0 0.81925
1577.0 0.81103
1578.0 0.80328
1579.0 0.80884
1580.0 0.81276
1581.0 0.81706
1582.0 0.82725
1583.0 0.82623
1584.0 0.83195
1585.0 0.83414
1586.0 0.83165
1587.0 0.83667
1588.0 0.83237
1589.0 0.83367
1590.0 0.83486
1591.0 0.82986
1592.0 0.83666
1593.0 0.83353
1594.0 0.83082
1595.0 0.83443
1596.0 0.82847
1597.0 0.83126
1598.0 0.82861
1599.0 0.82017
1600.0 0.81387
1601.0 0.79582
1602.0 0.78815
1603.0 0.78748
1604.0 0.79205
1605.0 0.81273
1606.0 0.81351
1607.0 0.80250
1608.0 0.79735
1609.0 0.79228
1610.0 0.79860
1611.0 0.80002
1612.0 0.80766
1613.0 0.81244
1614.0 0.81344
1615.0 0.81870
1616.0 0.81491
1617.0 0.81931
1618.0 0.81898
1619.0 0.81686
1620.0 0.82068
1621.0 0.81680
1622.0 0.82066
1623.0 0.81825
1624.0 0.81991
1625.0 0.82029
1626.0 0.81792
1627.0 0.82284
1628.0 0.81772
1629.0 0.82239
1630.0 0.82034
1631.0 0.81929
1632.0 0.82291
1633.0 0.81793
1634.0 0.82473
1635.0 0.81856
1636.0 0.82180
1637.0 0.82228
1638.0 0.81580
1639.0 0.82548
1640.0 0.81254
1641.0 0.82304
1642.0 0.82214
1643.0 0.80836
1644.0 0.82518
1645.0 0.81655
1646.0 0.82070
1647.0 0.82458
1648.0 0.81637
1649.0 0.82308
1650.0 0.82462
1651.0 0.81607
1652.0 0.82718
1653.0 0.83213
1654.0 0.81971
1655.0 0.83375
1656.0 0.82956
1657.0 0.83137
1658.0 0.83789
1659.0 0.83349
1660.0 0.84053
1661.0 0.83660
1662.0 0.84091
1663.0 0.83687
1664.0 0.84296
1665.0 0.82504
1666.0 0.79940
1667.0 0.83308
1668.0 0.84056
1669.0 0.85041
1670.0 0.84340
1671.0 0.84906
1672.0 0.84624
1673.0 0.85375
1674.0 0.84785
1675.0 0.84920
1676.0 0.85684
1677.0 0.84939
1678.0 0.85379
1679.0 0.85339
1680.0 0.86032
1681.0 0.84998
1682.0 0.86030
1683.0 0.85886
1684.0 0.84824
1685.0 0.86161
1686.0 0.85835
1687.0 0.85947
1688.0 0.85690
1689.0 0.86825
1690.0 0.85647
1691.0 0.85915
1692.0 0.85761
1693.0 0.86409
1694.0 0.85802
1695.0 0.86049
1696.0 0.86461
1697.0 0.85504
1698.0 0.86344
1699.0 0.85998
1700.0 0.86298
1701.0 0.85573
1702.0 0.86361
1703.0 0.85428
1704.0 0.86341
1705.0 0.85559
1706.0 0.86062
1707.0 0.85473
1708.0 0.85605
1709.0 0.85304
1710.0 0.85932
1711.0 0.86168
1712.0 0.86127
1713.0 0.86335
1714.0 0.85247
1715.0 0.86152
1716.0 0.85551
1717.0 0.86457
1718.0 0.85910
1719.0 0.86543
1720.0 0.85800
1721.0 0.85102
1722.0 0.85196
1723.0 0.85531
1724.0 0.84846
1725.0 0.85274
1726.0 0.85516
1727.0 0.85475
1728.0 0.85559
1729.0 0.84961
1730.0 0.85778
1731.0 0.85169
1732.0 0.83519
1733.0 0.84508
1734.0 0.85538
1735.0 0.84587
1736.0 0.84263
1737.0 0.83922
1738.0 0.85171
1739.0 0.84475
1740.0 0.83929
1741.0 0.82437
1742.0 0.83626
1743.0 0.84041
1744.0 0.83308
1745.0 0.83025
1746.0 0.83120
1747.0 0.78129
1748.0 0.82891
1749.0 0.83084
1750.0 0.83387
1751.0 0.81399
1752.0 0.81265
1753.0 0.82319
1754.0 0.82447
1755.0 0.79381
1756.0 0.81406
1757.0 0.78405
1758.0 0.80554
1759.0 0.81339
1760.0 0.81217
1761.0 0.78997
1762.0 0.79897
1763.0 0.78046
1764.0 0.79791
1765.0 0.77828
1766.0 0.68050
1767.0 0.78040
1768.0 0.78051
1769.0 0.77096
1770.0 0.75704
1771.0 0.74390
1772.0 0.75679
1773.0 0.74724
1774.0 0.70478
1775.0 0.71707
1776.0 0.67817
1777.0 0.69610
1778.0 0.67576
1779.0 0.61754
1780.0 0.66357
1781.0 0.59419
1782.0 0.61223
1783.0 0.61096
1784.0 0.56004
1785.0 0.48037
1786.0 0.51095
1787.0 0.49203
1788.0 0.49669
1789.0 0.46963
1790.0 0.44398
1791.0 0.39100
1792.0 0.37967
1793.0 0.34161
1794.0 0.30562
1795.0 0.30835
1796.0 0.28358
1797.0 0.25350
1798.0 0.24450
1799.0 0.24093
1800.0 0.17067
1801.0 0.13738
1802.0 0.14218
1803.0 0.14428
1804.0 0.13984
1805.0 0.14076
1806.0 0.08417
1807.0 0.09137
1808.0 0.09866
1809.0 0.09021
1810.0 0.08240
1811.0 0.05114
1812.0 0.05648
1813.0 0.04103
1814.0 0.06225
1815.0 0.04546
1816.0 0.03250
1817.0 0.04032
1818.0 0.03927
1819.0 0.03065
1820.0 0.01930
1821.0 0.01342
1822.0 0.01341
1823.0 0.02239
1824.0 0.02822
1825.0 0.02126
1826.0 0.01127
1827.0 0.01371
1828.0 0.01278
1829.0 0.00759
1830.0 0.00865
1831.0 0.00621
1832.0 0.00926
1833.0 0.00786
1834.0 0.00903
1835.0 0.00313
1836.0 0.00235
1837.0 0.00306
1838.0 0.00166
1839.0 0.00469
1840.0 0.00133
1841.0 0.00318
1842.0 0.00063
1843.0 0.00317
1844.0 0.00367
1845.0 0.00572
1846.0 0.00386
1847.0 0.00052
1848.0 0.00033
1849.0 0.00129
1850.0 0.00232
1851.0 0.00186
1852.0 0.00318
1853.0 0.00097
1854.0 0.00049
1855.0 0.00191
1856.0 0.00203
1857.0 0.00062
1858.0 0.00125
1859.0 0.00096
1860.0 0.00023
1861.0 0.00067
1862.0 0.00158
1863.0 0.00134
1864.0 0.00087
1865.0 0.00101
1866.0 0.00165
1867.0 0.00000
1868.0 0.00005
1869.0 0.00088
1870.0 0.00037
1871.0 0.00010
1872.0 0.00035
1873.0 0.00016
1874.0 0.00018
1875.0 0.00029
1876.0 0.00022
1877.0 0.00024
1878.0 0.00118
1879.0 0.00138
1880.0 0.00065
1881.0 0.00039
1882.0 0.00060
1883.0 0.00007
1884.0 0.00021
1885.0 0.00052
1886.0 0.00037
1887.0 0.00031
1888.0 0.00081
1889.0 0.00038
1890.0 0.00007
1891.0 0.00016
1892.0 0.00018
1893.0 0.00026
1894.0 0.00038
1895.0 0.00077
1896.0 0.00042
1897.0 0.00043
1898.0 0.00035
1899.0 0.00016
1900.0 0.00009
1901.0 0.00018
1902.0 0.00031
1903.0 0.00010
1904.0 0.00027
1905.0 0.00010
1906.0 0.00006
1907.0 0.00010
1908.0 0.00031
1909.0 0.00024
1910.0 0.00024
1911.0 0.00013
1912.0 0.00011
1913.0 0.00013
1914.0 0.00006
1915.0 0.00017
1916.0 0.00013
1917.0 0.00013
1918.0 0.00025
1919.0 0.00019
1920.0 0.00005
1921.0 0.00005
1922.0 0.00018
1923.0 0.00019
1924.0 0.00008
1925.0 0.00015
1926.0 0.00018
1927.0 0.00008
1928.0 0.00011
1929.0 0.00010
1930.0 0.00012
1931.0 0.00008
1932.0 0.00012
1933.0 0.00013
1934.0 0.00010
1935.0 0.00013
1936.0 0.00011
1937.0 0.00009
1938.0 0.00010
1939.0 0.00008
1940.0 0.00008
1941.0 0.00009
1942.0 0.00009
1943.0 0.00010
1944.0 0.00009
1945.0 0.00008
1946.0 0.00009
1947.0 0.00007
1948.0 0.00007
1949.0 0.00007
1950.0 0.00008
1951.0 0.00007
1952.0 0.00007
1953.0 0.00005
1954.0 0.00005
1955.0 0.00005
1956.0 0.00005
1957.0 0.00004
1958.0 0.00004
1959.0 0.00004
1960.0 0.00005
1961.0 0.00005
1962.0 0.00006
1963.0 0.00004
1964.0 0.00005
1965.0 0.00005
1966.0 0.00004
1967.0 0.00005
1968.0 0.00005
1969.0 0.00004
1970.0 0.00005
1971.0 0.00003
1972.0 0.00004
1973.0 0.00005
1974.0 0.00004
1975.0 0.00005
1976.0 0.00004
1977.0 0.00004
1978.0 0.00003
1979.0 0.00005
1980.0 0.00003
1981.0 0.00004
1982.0 0.00004
1983.0 0.00003
1984.0 0.00003
1985.0 0.00004
1986.0 0.00004
1987.0 0.00002
1988.0 0.00003
1989.0 0.00003
1990.0 0.00003
1991.0 0.00004
1992.0 0.00003
1993.0 0.00003
1994.0 0.00003
1995.0 0.00002
1996.0 0.00002
1997.0 0.00003
1998.0 0.00003
1999.0 0.00002
2000.0 0.00002
2001.0 0.00001
2002.0 0.00001
2003.0 0.00001
2004.0 0.00001
2005.0 0.00001
2006.0 0.00001
2007.0 0.00001
2008.0 0.00001
2009.0 0.00002
2010.0 0.00001
2011.0 0.00001
2012.0 0.00001
2013.0 0.00001
2014.0 0.00001
2015.0 0.00002
2016.0 0.00002
2017.0 0.00001
2018.0 0.00002
2019.0 0.00001
2020.0 0.00001
2021.0 0.00002
2022.0 0.00001
2023.0 0.00001
2024.0 0.00002
2025.0 0.00001
2026.0 0.00002
2027.0 0.00002
2028.0 0.00002
2029.0 0.00001
2030.0 0.00002
2031.0 0.00000
2032.0 0.00002
2033.0 0.00002
2034.0 0.00002
2035.0 0.00001
2036.0 0.00002
2037.0 0.00001
2038.0 0.00001
2039.0 0.00002
2040.0 0.00001
2041.0 0.00001
2042.0 0.00001
2043.0 0.00001
2044.0 0.00001
2045.0 0.00002
2046.0 0.00001
2047.0 0.00001
2048.0 0.00001
2049.0 0.00001
2050.0 0.00001
2051.0 0.00001
2052.0 0.00001
2053.0 0.00000
2054.0 0.00001
2055.0 0.00001
2056.0 0.00001
2057.0 0.00001
2058.0 0.00001
2059.0 0.00000
2060.0 0.00001
2061.0 0.00000
2062.0 0.00000
2063.0 0.00001
2064.0 0.00001
2065.0 0.00001
2066.0 0.00000
2067.0 0.00000
2068.0 0.00000
2069.0 0.00000
2070.0 0.00001
2071.0 0.00001
2072.0 0.00001
2073.0 0.00001
2074.0 0.00000
2075.0 0.00001
2076.0 0.00001
2077.0 0.00000
2078.0 0.00000
2079.0 0.00000
2080.0 0.00000
2081.0 0.00000
2082.0 0.00000
2083.0 0.00000
2084.0 0.00000
2085.0 0.00000
2086.0 0.00000
2087.0 0.00000
2088.0 0.00000
2089.0 0.00000
2090.0 0.00000
2091.0 0.00000
2092.0 0.00000
2093.0 0.00001
2094.0 0.00001
2095.0 0.00000
2096.0 0.00000
2097.0 0.00000
2098.0 0.00000
2099.0 0.00000
2100.0 0.00000
2101.0 0.00000
2102.0 0.00000
2103.0 0.00000
2104.0 0.00000
2105.0 0.00000
2106.0 0.00000
2107.0 0.00000
2108.0 0.00000
2109.0 0.00000
2110.0 0.00000
2111.0 0.00000
2112.0 0.00000
2113.0 0.00000
2114.0 0.00000
2115.0 0.00000
2116.0 0.00000
2117.0 0.00000
2118.0 0.00000
2119.0 0.00000
2120.0 0.00000
2121.0 0.00000
2122.0 0.00000
2123.0 0.00000
2124.0 0.00000
2125.0 0.00000
2126.0 0.00000
2127.0 0.00000
2128.0 0.00001
2129.0 0.00000
2130.0 0.00000
2131.0 0.00000
2132.0 0.00000
2133.0 0.00000
2134.0 0.00001
2135.0 0.00000
2136.0 0.00000
2137.0 0.00000
2138.0 0.00000
2139.0 0.00000
2140.0 0.00001
2141.0 0.00000
2142.0 0.00000
2143.0 0.00001
2144.0 0.00001
2145.0 0.00001
2146.0 0.00001
2147.0 0.00000
2148.0 0.00000
2149.0 0.00000
2150.0 0.00000
2151.0 0.00000
2152.0 0.00001
2153.0 0.00000
2154.0 0.00000
2155.0 0.00000
2156.0 0.00001
2157.0 0.00000
2158.0 0.00001
2159.0 0.00000
2160.0 0.00000
2161.0 0.00001
2162.0 0.00000
2163.0 0.00000
2164.0 0.00001
2165.0 -0.00001
2166.0 -0.00001
2167.0 0.00000
2168.0 0.00000
2169.0 0.00000
2170.0 0.00001
2171.0 0.00000
2172.0 0.00000
2173.0 0.00000
2174.0 0.00001
2175.0 0.00000
2176.0 0.00001
2177.0 0.00000
2178.0 -0.00001
2179.0 0.00001
2180.0 0.00000
2181.0 0.00000
2182.0 0.00002
2183.0 0.00000
2184.0 -0.00001
2185.0 0.00000
2186.0 0.00001
2187.0 0.00000
2188.0 0.00002
2189.0 0.00001
2190.0 -0.00001
2191.0 0.00000
2192.0 0.00000
2193.0 0.00001
2194.0 0.00000
2195.0 0.00001
2196.0 -0.00002
2197.0 -0.00001
2198.0 0.00000
2199.0 0.00000
2200.0 0.00002
2201.0 0.00002
2202.0 0.00000
2203.0 0.00000
2204.0 0.00001
2205.0 0.00000
2206.0 0.00001
2207.0 0.00002
2208.0 -0.00001
2209.0 -0.00001
2210.0 0.00001
2211.0 0.00001
2212.0 0.00002
2213.0 0.00001
2214.0 -0.00001
2215.0 -0.00002
2216.0 0.00000
2217.0 0.00000
2218.0 -0.00001
2219.0 0.00001
2220.0 -0.00001
2221.0 -0.00003
2222.0 0.00001
2223.0 0.00000
2224.0 0.00001
2225.0 0.00003
2226.0 0.00000
2227.0 -0.00001
2228.0 0.00000
2229.0 0.00000
2230.0 0.00000
2231.0 0.00002
2232.0 0.00000
2233.0 -0.00002
2234.0 0.00001
2235.0 0.00001
2236.0 0.00003
2237.0 0.00000
2238.0 0.00000
2239.0 -0.00001
2240.0 0.00000
2241.0 0.00001
2242.0 0.00002
2243.0 0.00002
2244.0 -0.00001
2245.0 0.00001
2246.0 0.00000
2247.0 0.00000
2248.0 0.00000
2249.0 0.00002
2250.0 -0.00001
2251.0 -0.00001
2252.0 0.00000
2253.0 0.00002
2254.0 0.00000
2255.0 0.00002
2256.0 -0.00001
2257.0 0.00000
2258.0 0.00000
2259.0 0.00000
2260.0 0.00001
2261.0 0.00000
2262.0 -0.00002
2263.0 -0.00002
2264.0 -0.00001
2265.0 -0.00001
2266.0 0.00001
2267.0 0.00000
2268.0 0.00001
2269.0 -0.00001
2270.0 -0.00001
2271.0 0.00000
2272.0 0.00003
2273.0 0.00000
2274.0 0.00001
2275.0 0.00000
2276.0 0.00000
2277.0 0.00000
2278.0 0.00003
2279.0 0.00000
2280.0 0.00000
2281.0 0.00000
2282.0 -0.00001
2283.0 0.00000
2284.0 0.00002
2285.0 0.00000
2286.0 0.00000
2287.0 0.00000
2288.0 -0.00001
2289.0 0.00000
2290.0 0.00002
2291.0 -0.00001
2292.0 0.00000
2293.0 -0.00001
2294.0 -0.00002
2295.0 0.00000
2296.0 0.00002
2297.0 -0.00001
2298.0 0.00001
2299.0 0.00000
2300.0 -0.00003
2301.0 0.00000
2302.0 0.00002
2303.0 0.00000
2304.0 0.00002
2305.0 0.00000
2306.0 -0.00001
2307.0 0.00001
2308.0 0.00002
2309.0 0.00000
2310.0 0.00001
2311.0 0.00000
2312.0 -0.00002
2313.0 0.00001
2314.0 0.00001
2315.0 0.00000
2316.0 -0.00001
2317.0 -0.00001
2318.0 -0.00002
2319.0 0.00001
2320.0 0.00001
2321.0 0.00000
2322.0 0.00000
2323.0 -0.00001
2324.0 -0.00003
2325.0 0.00001
2326.0 0.00003
2327.0 0.00000
2328.0 0.00000
2329.0 0.00001
2330.0 -0.00001
2331.0 0.00001
2332.0 0.00002
2333.0 0.00000
2334.0 0.00000
2335.0 0.00000
2336.0 -0.00003
2337.0 0.00000
2338.0 0.00002
2339.0 0.00001
2340.0 0.00001
2341.0 0.00002
2342.0 -0.00002
2343.0 0.00000
2344.0 0.00001
2345.0 -0.00001
2346.0 -0.00002
2347.0 -0.00001
2348.0 -0.00002
2349.0 0.00000
2350.0 0.00003
2351.0 0.00001
2352.0 0.00001
2353.0 0.00001
2354.0 -0.00001
2355.0 0.00001
2356.0 0.00002
2357.0 0.00001
2358.0 0.00001
2359.0 0.00001
2360.0 -0.00002
2361.0 0.00000
2362.0 0.00001
2363.0 -0.00001
2364.0 -0.00001
2365.0 0.00000
2366.0 -0.00001
2367.0 0.00000
2368.0 0.00002
2369.0 0.00000
2370.0 0.00000
2371.0 0.00001
2372.0 0.00000
2373.0 0.00000
2374.0 0.00000
2375.0 0.00000
2376.0 0.00001
2377.0 0.00001
2378.0 -0.00001
2379.0 0.00000
2380.0 0.00002
2381.0 0.00001
2382.0 0.00000
2383.0 0.00000
2384.0 -0.00002
2385.0 0.00000
2386.0 0.00002
2387.0 0.00000
2388.0 -0.00001
2389.0 0.00000
2390.0 0.00000
2391.0 -0.00001
2392.0 -0.00001
2393.0 0.00000
2394.0 0.00001
2395.0 0.00001
2396.0 0.00001
2397.0 0.00000
2398.0 0.00000
2399.0 0.00001
2400.0 0.00001
2401.0 0.00001
2402.0 0.00001
2403.0 0.00001
2404.0 0.00001
2405.0 0.00002
2406.0 0.00002
2407.0 0.00001
2408.0 -0.00001
2409.0 0.00000
2410.0 0.00000
2411.0 -0.00001
2412.0 0.00001
2413.0 0.00000
2414.0 0.00000
2415.0 0.00001
2416.0 0.00000
2417.0 0.00001
2418.0 0.00003
2419.0 0.00000
2420.0 0.00000
2421.0 0.00000
2422.0 0.00000
2423.0 0.00001
2424.0 0.00003
2425.0 0.00000
2426.0 0.00000
2427.0 -0.00001
2428.0 -0.00001
2429.0 0.00000
2430.0 0.00002
2431.0 -0.00001
2432.0 0.00002
2433.0 0.00002
2434.0 0.00000
2435.0 0.00000
2436.0 0.00001
2437.0 -0.00001
2438.0 0.00001
2439.0 0.00001
2440.0 0.00000
2441.0 0.00000
2442.0 0.00002
2443.0 -0.00001
2444.0 0.00000
2445.0 0.00002
2446.0 0.00000
2447.0 0.00001
2448.0 0.00004
2449.0 0.00001
2450.0 0.00001
2451.0 0.00001
2452.0 -0.00002
2453.0 -0.00003
2454.0 0.00001
2455.0 0.00000
2456.0 0.00000
2457.0 0.00003
2458.0 -0.00001
2459.0 0.00000
2460.0 0.00002
2461.0 0.00000
2462.0 -0.00002
2463.0 0.00001
2464.0 -0.00002
2465.0 -0.00002
2466.0 0.00001
2467.0 0.00000
2468.0 -0.00003
2469.0 0.00003
2470.0 -0.00001
2471.0 -0.00004
2472.0 0.00000
2473.0 0.00000
2474.0 -0.00003
2475.0 0.00003
2476.0 -0.00002
2477.0 -0.00002
2478.0 -0.00001
2479.0 0.00002
2480.0 0.00001
2481.0 0.00003
2482.0 0.00002
2483.0 -0.00002
2484.0 0.00002
2485.0 0.00004
2486.0 0.00004
2487.0 0.00005
2488.0 0.00001
2489.0 0.00000
2490.0 -0.00002
2491.0 0.00001
2492.0 -0.00000
2493.0 0.00000
2494.0 0.00001
2495.0 -0.00001
2496.0 0.00000
2497.0 0.00000
2498.0 0.00000
2499.0 0.00001
2500.0 0.00000
2503.1 0.00010
2506.3 0.00005
2509.4 -0.00007
2512.6 0.00006
2515.7 0.00001
2518.9 -0.00001
2522.1 0.00009
2525.2 0.00002
2528.4 -0.00001
2531.7 0.00000
2534.8 -0.00000
2538.1 0.00001
2541.3 -0.00001
2544.5 0.00000
2547.8 0.00000
2551.0 0.00000
2554.3 0.00001
2557.5 -0.00000
2560.8 0.00000
2564.1 -0.00000
2567.4 0.00001
2570.7 -0.00000
2574.0 0.00000
2577.3 0.00000
2580.7 -0.00000
2584.0 -0.00000
2587.3 0.00000
2590.7 0.00000
2594.0 -0.00000
2597.4 0.00000
2600.8 0.00000
2604.2 0.00000
2607.6 -0.00000
2611.0 0.00000
2614.4 0.00000
2617.8 0.00000
2621.2 -0.00000
2624.7 0.00000
2628.1 -0.00000
2631.6 0.00000
2635.1 0.00000
2638.5 0.00000
2642.0 -0.00000
2645.5 -0.00000
2649.0 0.00000
2652.5 0.00000
2656.0 0.00000
2659.6 -0.00000
2663.1 0.00000
2666.7 -0.00000
2670.2 -0.00000
2673.8 0.00000
2677.4 -0.00000
2681.0 0.00000
2684.6 0.00000
2688.2 -0.00000
2691.8 0.00000
2695.4 0.00000
2699.1 0.00000
2702.7 -0.00000
2706.4 0.00000
2710.0 0.00000
2713.7 -0.00000
2717.4 0.00000
2721.1 0.00000
2724.8 -0.00000
2728.5 0.00000
2732.2 0.00000
2736.0 -0.00000
2739.7 0.00000
2743.5 0.00000
2747.2 0.00000
2751.0 0.00000
2754.8 -0.00000
2758.6 0.00000
2762.4 0.00000
2766.2 -0.00000
2770.1 0.00000
2773.9 0.00000
2777.8 -0.00000
2781.6 0.00000
2785.5 -0.00000
2789.4 0.00000
2793.3 -0.00000
2797.2 0.00000
2801.1 -0.00000
2805.1 0.00000
2809.0 0.00000
2812.9 0.00000
2816.9 -0.00000
2820.9 -0.00000
2824.9 0.00000
2828.8 0.00000
2832.9 0.00000
2836.9 -0.00000
2840.9 -0.00000
2844.9 0.00000
2849.0 0.00000
2853.1 0.00000
2857.1 -0.00000
2861.2 0.00000
2865.3 0.00000
2869.4 -0.00000
2873.6 0.00000
2877.7 0.00000
2881.8 0.00000
2886.0 0.00000
2890.2 0.00000
2894.4 0.00000
2898.6 0.00000
2902.8 -0.00000
2907.0 0.00000
2911.2 0.00000
2915.4 -0.00000
2919.7 0.00000
2924.0 0.00000
2928.3 0.00000
2932.6 0.00000
2936.9 0.00000
2941.2 0.00000
2945.5 -0.00000
2949.8 0.00000
2954.2 0.00000
2958.6 -0.00000
2963.0 0.00000
2967.4 -0.00000
2971.8 0.00000
2976.2 -0.00000
2980.6 0.00000
2985.1 0.00000
2989.5 0.00000
2994.0 0.00000
2998.5 0.00000
3003.0 -0.00000
3007.5 0.00000
3012.1 0.00000
3016.6 0.00000
3021.2 0.00000
3025.7 0.00000
3030.3 0.00000
3034.9 0.00000
3039.5 -0.00000
3044.1 0.00000
3048.8 0.00000
3053.4 0.00000
3058.1 -0.00000
3062.8 0.00000
3067.5 0.00000
3072.2 0.00000
3076.9 0.00000
3081.7 0.00000
3086.4 0.00000
3091.2 -0.00000
3096.0 0.00000
3100.8 0.00000
3105.6 0.00000
3110.4 -0.00000
3115.3 0.00000
3120.1 0.00000
3125.0 0.00000
3129.9 0.00000
3134.8 0.00000
3139.7 0.00000
3144.7 0.00000
3149.6 -0.00000
3154.6 0.00000
3159.6 0.00000
3164.6 -0.00000
3169.6 0.00000
3174.6 0.00000
3179.7 0.00000
3184.7 0.00000
3189.8 -0.00000
3194.9 0.00000
3200.0 0.00000
