#
# This file, 
#    uvspec_afglus_pressure780_airmass1.3_asea1_avul1_pw03_tau0.03.out 
# is an atmospheric transmission model  generated by libRadTran using 
# the parameters # measured by aTmCam at CTIO during the SV phase.
#
# Parameters for the model:
#   Airmass: 1.3
#   Altitude: 2241 meter 
#   Pressure: 780 hpa 
#   Precipitable water vapor : 3mm (aTmCam gives a range of 0-7mm during the 1 month observation) 
#   Aerosol optical depth: tau=0.03 (aTmCam gives a range of 0.01-0.05 during the 1 month observation) 
# 
# In the status report (docdb#6974), I also compared the DECal result with David James'
# estimation (docdb#6229). I also compared the palomar extinction curve with the aTmCam model.
# 
# Ting
# sazabi@tamu.edu
#
# The first column is wavelength in nm and the second column is throughput.
# 
  300.000  3.125723e-03 
  301.000  5.619884e-03 
  302.000  8.545061e-03 
  303.000  1.477646e-02 
  304.000  1.865650e-02 
  305.000  2.910087e-02 
  306.000  3.673944e-02 
  307.000  4.868742e-02 
  308.000  5.871295e-02 
  309.000  6.836882e-02 
  310.000  9.024088e-02 
  311.000  1.003234e-01 
  312.000  1.171729e-01 
  313.000  1.328217e-01 
  314.000  1.397836e-01 
  315.000  1.627440e-01 
  316.000  1.708938e-01 
  317.000  1.840434e-01 
  318.000  1.946144e-01 
  319.000  2.228555e-01 
  320.000  2.024934e-01 
  321.000  2.456149e-01 
  322.000  2.287847e-01 
  323.000  2.501930e-01 
  324.000  2.715806e-01 
  325.000  2.557235e-01 
  326.000  2.818449e-01 
  327.000  2.891515e-01 
  328.000  2.735019e-01 
  329.000  3.036481e-01 
  330.000  3.084570e-01 
  331.000  2.990817e-01 
  332.000  3.173189e-01 
  333.000  3.226660e-01 
  334.000  3.183679e-01 
  335.000  3.317351e-01 
  336.000  3.371758e-01 
  337.000  3.349587e-01 
  338.000  3.413133e-01 
  339.000  3.478656e-01 
  340.000  3.468380e-01 
  341.000  3.531998e-01 
  342.000  3.578619e-01 
  343.000  3.602247e-01 
  344.000  3.607422e-01 
  345.000  3.670426e-01 
  346.000  3.710356e-01 
  347.000  3.742986e-01 
  348.000  3.773574e-01 
  349.000  3.807867e-01 
  350.000  3.837241e-01 
  351.000  3.866492e-01 
  352.000  3.890569e-01 
  353.000  3.924600e-01 
  354.000  3.953634e-01 
  355.000  3.980680e-01 
  356.000  4.007041e-01 
  357.000  4.030550e-01 
  358.000  4.055804e-01 
  359.000  4.081030e-01 
  360.000  4.106846e-01 
  361.000  4.139320e-01 
  362.000  4.173102e-01 
  363.000  4.204244e-01 
  364.000  4.232936e-01 
  365.000  4.259873e-01 
  366.000  4.287398e-01 
  367.000  4.313623e-01 
  368.000  4.339609e-01 
  369.000  4.365368e-01 
  370.000  4.390860e-01 
  371.000  4.416151e-01 
  372.000  4.441232e-01 
  373.000  4.466099e-01 
  374.000  4.490569e-01 
  375.000  4.514571e-01 
  376.000  4.537771e-01 
  377.000  4.559724e-01 
  378.000  4.580151e-01 
  379.000  4.600894e-01 
  380.000  4.623648e-01 
  381.000  4.649465e-01 
  382.000  4.676192e-01 
  383.000  4.701488e-01 
  384.000  4.725506e-01 
  385.000  4.748664e-01 
  386.000  4.771236e-01 
  387.000  4.793448e-01 
  388.000  4.815377e-01 
  389.000  4.837125e-01 
  390.000  4.858697e-01 
  391.000  4.880048e-01 
  392.000  4.901239e-01 
  393.000  4.922255e-01 
  394.000  4.943075e-01 
  395.000  4.963684e-01 
  396.000  4.984157e-01 
  397.000  5.004395e-01 
  398.000  5.024446e-01 
  399.000  5.044329e-01 
  400.000  5.063938e-01 
  401.000  5.083471e-01 
  402.000  5.102847e-01 
  403.000  5.122057e-01 
  404.000  5.141098e-01 
  405.000  5.159932e-01 
  406.000  5.178641e-01 
  407.000  5.197204e-01 
  408.000  5.215607e-01 
  409.000  5.233831e-01 
  410.000  5.251884e-01 
  411.000  5.269760e-01 
  412.000  5.287449e-01 
  413.000  5.305037e-01 
  414.000  5.321406e-01 
  415.000  5.339057e-01 
  416.000  5.356490e-01 
  417.000  5.373640e-01 
  418.000  5.390408e-01 
  419.000  5.406995e-01 
  420.000  5.423436e-01 
  421.000  5.439780e-01 
  422.000  5.456025e-01 
  423.000  5.472151e-01 
  424.000  5.488093e-01 
  425.000  5.503682e-01 
  426.000  5.519124e-01 
  427.000  5.534434e-01 
  428.000  5.549483e-01 
  429.000  5.564328e-01 
  430.000  5.579008e-01 
  431.000  5.593581e-01 
  432.000  5.608008e-01 
  433.000  5.622303e-01 
  434.000  5.636483e-01 
  435.000  5.650529e-01 
  436.000  5.664425e-01 
  437.000  5.678176e-01 
  438.000  5.691777e-01 
  439.000  5.705279e-01 
  440.000  5.718572e-01 
  441.000  5.731705e-01 
  442.000  5.744641e-01 
  443.000  5.757392e-01 
  444.000  5.769953e-01 
  445.000  5.782257e-01 
  446.000  5.794240e-01 
  447.000  5.806772e-01 
  448.000  5.820156e-01 
  449.000  5.833696e-01 
  450.000  5.846987e-01 
  451.000  5.859786e-01 
  452.000  5.872161e-01 
  453.000  5.884297e-01 
  454.000  5.896226e-01 
  455.000  5.907505e-01 
  456.000  5.917930e-01 
  457.000  5.928358e-01 
  458.000  5.938656e-01 
  459.000  5.948751e-01 
  460.000  5.958772e-01 
  461.000  5.968694e-01 
  462.000  5.978442e-01 
  463.000  5.988150e-01 
  464.000  6.000571e-01 
  465.000  6.012816e-01 
  466.000  6.024858e-01 
  467.000  6.036637e-01 
  468.000  6.046368e-01 
  469.000  6.054851e-01 
  470.000  6.062710e-01 
  471.000  6.069860e-01 
  472.000  6.076043e-01 
  473.000  6.080596e-01 
  474.000  6.084468e-01 
  475.000  6.086011e-01 
  476.000  6.085196e-01 
  477.000  6.085900e-01 
  478.000  6.095712e-01 
  479.000  6.110262e-01 
  480.000  6.125907e-01 
  481.000  6.140016e-01 
  482.000  6.153295e-01 
  483.000  6.164936e-01 
  484.000  6.175045e-01 
  485.000  6.184166e-01 
  486.000  6.193843e-01 
  487.000  6.203991e-01 
  488.000  6.213838e-01 
  489.000  6.223517e-01 
  490.000  6.233091e-01 
  491.000  6.240752e-01 
  492.000  6.247821e-01 
  493.000  6.254859e-01 
  494.000  6.261721e-01 
  495.000  6.268582e-01 
  496.000  6.272486e-01 
  497.000  6.276271e-01 
  498.000  6.280013e-01 
  499.000  6.283594e-01 
  500.000  6.287132e-01 
  501.000  6.290361e-01 
  502.000  6.293592e-01 
  503.000  6.296792e-01 
  504.000  6.299880e-01 
  505.000  6.302842e-01 
  506.000  6.310046e-01 
  507.000  6.317437e-01 
  508.000  6.324819e-01 
  509.000  6.332126e-01 
  510.000  6.339293e-01 
  511.000  6.345799e-01 
  512.000  6.352109e-01 
  513.000  6.358387e-01 
  514.000  6.364598e-01 
  515.000  6.370761e-01 
  516.000  6.375385e-01 
  517.000  6.378627e-01 
  518.000  6.381801e-01 
  519.000  6.384931e-01 
  520.000  6.388038e-01 
  521.000  6.390902e-01 
  522.000  6.393185e-01 
  523.000  6.395046e-01 
  524.000  6.396945e-01 
  525.000  6.398605e-01 
  526.000  6.400623e-01 
  527.000  6.401598e-01 
  528.000  6.402152e-01 
  529.000  6.402692e-01 
  530.000  6.403285e-01 
  531.000  6.403911e-01 
  532.000  6.405023e-01 
  533.000  6.408831e-01 
  534.000  6.413438e-01 
  535.000  6.418538e-01 
  536.000  6.423495e-01 
  537.000  6.428097e-01 
  538.000  6.432294e-01 
  539.000  6.436242e-01 
  540.000  6.439993e-01 
  541.000  6.443658e-01 
  542.000  6.447198e-01 
  543.000  6.450641e-01 
  544.000  6.453435e-01 
  545.000  6.455699e-01 
  546.000  6.457896e-01 
  547.000  6.460133e-01 
  548.000  6.462297e-01 
  549.000  6.464440e-01 
  550.000  6.465883e-01 
  551.000  6.466324e-01 
  552.000  6.466792e-01 
  553.000  6.467116e-01 
  554.000  6.467375e-01 
  555.000  6.467595e-01 
  556.000  6.467552e-01 
  557.000  6.467053e-01 
  558.000  6.466475e-01 
  559.000  6.465775e-01 
  560.000  6.464780e-01 
  561.000  6.463515e-01 
  562.000  6.461221e-01 
  563.000  6.459620e-01 
  564.000  6.457478e-01 
  565.000  6.454255e-01 
  566.000  6.451433e-01 
  567.000  6.445151e-01 
  568.000  6.428871e-01 
  569.000  6.398492e-01 
  570.000  6.400421e-01 
  571.000  6.417359e-01 
  572.000  6.394765e-01 
  573.000  6.396911e-01 
  574.000  6.396185e-01 
  575.000  6.393848e-01 
  576.000  6.395953e-01 
  577.000  6.405171e-01 
  578.000  6.418051e-01 
  579.000  6.432195e-01 
  580.000  6.448707e-01 
  581.000  6.469828e-01 
  582.000  6.485821e-01 
  583.000  6.497775e-01 
  584.000  6.508259e-01 
  585.000  6.517318e-01 
  586.000  6.525535e-01 
  587.000  6.523235e-01 
  588.000  6.489559e-01 
  589.000  6.430405e-01 
  590.000  6.429930e-01 
  591.000  6.476627e-01 
  592.000  6.456685e-01 
  593.000  6.508962e-01 
  594.000  6.500977e-01 
  595.000  6.468984e-01 
  596.000  6.516730e-01 
  597.000  6.503392e-01 
  598.000  6.520950e-01 
  599.000  6.526562e-01 
  600.000  6.541514e-01 
  601.000  6.551023e-01 
  602.000  6.552432e-01 
  603.000  6.559305e-01 
  604.000  6.569187e-01 
  605.000  6.577085e-01 
  606.000  6.583613e-01 
  607.000  6.589959e-01 
  608.000  6.596290e-01 
  609.000  6.602386e-01 
  610.000  6.608713e-01 
  611.000  6.615692e-01 
  612.000  6.622536e-01 
  613.000  6.629184e-01 
  614.000  6.635650e-01 
  615.000  6.642101e-01 
  616.000  6.648334e-01 
  617.000  6.654248e-01 
  618.000  6.659285e-01 
  619.000  6.663623e-01 
  620.000  6.667675e-01 
  621.000  6.671225e-01 
  622.000  6.674275e-01 
  623.000  6.676477e-01 
  624.000  6.678793e-01 
  625.000  6.680816e-01 
  626.000  6.680782e-01 
  627.000  6.661232e-01 
  628.000  6.453930e-01 
  629.000  6.589115e-01 
  630.000  6.604626e-01 
  631.000  6.643910e-01 
  632.000  6.659017e-01 
  633.000  6.695774e-01 
  634.000  6.719163e-01 
  635.000  6.733141e-01 
  636.000  6.748872e-01 
  637.000  6.762687e-01 
  638.000  6.781765e-01 
  639.000  6.792732e-01 
  640.000  6.807523e-01 
  641.000  6.817505e-01 
  642.000  6.828830e-01 
  643.000  6.830674e-01 
  644.000  6.838081e-01 
  645.000  6.836509e-01 
  646.000  6.808189e-01 
  647.000  6.789665e-01 
  648.000  6.767894e-01 
  649.000  6.798068e-01 
  650.000  6.850155e-01 
  651.000  6.855264e-01 
  652.000  6.819099e-01 
  653.000  6.871617e-01 
  654.000  6.871458e-01 
  655.000  6.859255e-01 
  656.000  6.870333e-01 
  657.000  6.884438e-01 
  658.000  6.904835e-01 
  659.000  6.919078e-01 
  660.000  6.928288e-01 
  661.000  6.945266e-01 
  662.000  6.955768e-01 
  663.000  6.959524e-01 
  664.000  6.966659e-01 
  665.000  6.973369e-01 
  666.000  6.980706e-01 
  667.000  6.987414e-01 
  668.000  6.994667e-01 
  669.000  7.000782e-01 
  670.000  7.006562e-01 
  671.000  7.012466e-01 
  672.000  7.018077e-01 
  673.000  7.023635e-01 
  674.000  7.029161e-01 
  675.000  7.034683e-01 
  676.000  7.039946e-01 
  677.000  7.044817e-01 
  678.000  7.049686e-01 
  679.000  7.054154e-01 
  680.000  7.056921e-01 
  681.000  7.059041e-01 
  682.000  7.062879e-01 
  683.000  7.065880e-01 
  684.000  7.066674e-01 
  685.000  7.073436e-01 
  686.000  7.048642e-01 
  687.000  6.108963e-01 
  688.000  6.400555e-01 
  689.000  6.321507e-01 
  690.000  6.473183e-01 
  691.000  6.685260e-01 
  692.000  6.833401e-01 
  693.000  6.865594e-01 
  694.000  6.863375e-01 
  695.000  6.922382e-01 
  696.000  6.954956e-01 
  697.000  7.062676e-01 
  698.000  7.044658e-01 
  699.000  6.954600e-01 
  700.000  6.972180e-01 
  701.000  6.953390e-01 
  702.000  6.970559e-01 
  703.000  7.049868e-01 
  704.000  7.055065e-01 
  705.000  7.024885e-01 
  706.000  7.032723e-01 
  707.000  7.045748e-01 
  708.000  7.059664e-01 
  709.000  7.086425e-01 
  710.000  7.061291e-01 
  711.000  7.090259e-01 
  712.000  7.115111e-01 
  713.000  7.098185e-01 
  714.000  7.093686e-01 
  715.000  7.065388e-01 
  716.000  7.036331e-01 
  717.000  6.834801e-01 
  718.000  6.709176e-01 
  719.000  6.664795e-01 
  720.000  6.594447e-01 
  721.000  6.903147e-01 
  722.000  7.010925e-01 
  723.000  6.952607e-01 
  724.000  6.781385e-01 
  725.000  6.809071e-01 
  726.000  6.801853e-01 
  727.000  6.827556e-01 
  728.000  6.801490e-01 
  729.000  6.869073e-01 
  730.000  6.858146e-01 
  731.000  6.844724e-01 
  732.000  6.957350e-01 
  733.000  7.063402e-01 
  734.000  7.114351e-01 
  735.000  7.097589e-01 
  736.000  7.065349e-01 
  737.000  7.091178e-01 
  738.000  7.126253e-01 
  739.000  7.141762e-01 
  740.000  7.175048e-01 
  741.000  7.194582e-01 
  742.000  7.202684e-01 
  743.000  7.220507e-01 
  744.000  7.229174e-01 
  745.000  7.236080e-01 
  746.000  7.241809e-01 
  747.000  7.244208e-01 
  748.000  7.250034e-01 
  749.000  7.253530e-01 
  750.000  7.253515e-01 
  751.000  7.255619e-01 
  752.000  7.260849e-01 
  753.000  7.263732e-01 
  754.000  7.266267e-01 
  755.000  7.268350e-01 
  756.000  7.270468e-01 
  757.000  7.272047e-01 
  758.000  7.260402e-01 
  759.000  6.757673e-01 
  760.000  3.051177e-01 
  761.000  2.706072e-01 
  762.000  4.837026e-01 
  763.000  4.170214e-01 
  764.000  4.500216e-01 
  765.000  5.252124e-01 
  766.000  6.164055e-01 
  767.000  6.626060e-01 
  768.000  6.928896e-01 
  769.000  7.129120e-01 
  770.000  7.235572e-01 
  771.000  7.287184e-01 
  772.000  7.300076e-01 
  773.000  7.306140e-01 
  774.000  7.313781e-01 
  775.000  7.318149e-01 
  776.000  7.321274e-01 
  777.000  7.322796e-01 
  778.000  7.323617e-01 
  779.000  7.324267e-01 
  780.000  7.324859e-01 
  781.000  7.327387e-01 
  782.000  7.327923e-01 
  783.000  7.328514e-01 
  784.000  7.327845e-01 
  785.000  7.321108e-01 
  786.000  7.310184e-01 
  787.000  7.286746e-01 
  788.000  7.274297e-01 
  789.000  7.227569e-01 
  790.000  7.224252e-01 
  791.000  7.233985e-01 
  792.000  7.242976e-01 
  793.000  7.262985e-01 
  794.000  7.303929e-01 
  795.000  7.280316e-01 
  796.000  7.214158e-01 
  797.000  7.234035e-01 
  798.000  7.276936e-01 
  799.000  7.267994e-01 
  800.000  7.237942e-01 
  801.000  7.242297e-01 
  802.000  7.239861e-01 
  803.000  7.245024e-01 
  804.000  7.260108e-01 
  805.000  7.288396e-01 
  806.000  7.305487e-01 
  807.000  7.306879e-01 
  808.000  7.298245e-01 
  809.000  7.287489e-01 
  810.000  7.275680e-01 
  811.000  7.250624e-01 
  812.000  7.216643e-01 
  813.000  7.174671e-01 
  814.000  7.118773e-01 
  815.000  7.048764e-01 
  816.000  6.957011e-01 
  817.000  6.963215e-01 
  818.000  6.971469e-01 
  819.000  7.002321e-01 
  820.000  7.104093e-01 
  821.000  7.219153e-01 
  822.000  7.132826e-01 
  823.000  6.886037e-01 
  824.000  7.095433e-01 
  825.000  7.227631e-01 
  826.000  7.205411e-01 
  827.000  7.189435e-01 
  828.000  7.103182e-01 
  829.000  7.135208e-01 
  830.000  7.170752e-01 
  831.000  7.179404e-01 
  832.000  7.183213e-01 
  833.000  7.203759e-01 
  834.000  7.227762e-01 
  835.000  7.274821e-01 
  836.000  7.260295e-01 
  837.000  7.259133e-01 
  838.000  7.282377e-01 
  839.000  7.296631e-01 
  840.000  7.302185e-01 
  841.000  7.287824e-01 
  842.000  7.301762e-01 
  843.000  7.334035e-01 
  844.000  7.348905e-01 
  845.000  7.355520e-01 
  846.000  7.362907e-01 
  847.000  7.371091e-01 
  848.000  7.358893e-01 
  849.000  7.361165e-01 
  850.000  7.355678e-01 
  851.000  7.349421e-01 
  852.000  7.350752e-01 
  853.000  7.362797e-01 
  854.000  7.363013e-01 
  855.000  7.369609e-01 
  856.000  7.383222e-01 
  857.000  7.389165e-01 
  858.000  7.392721e-01 
  859.000  7.399562e-01 
  860.000  7.403479e-01 
  861.000  7.404568e-01 
  862.000  7.406922e-01 
  863.000  7.407741e-01 
  864.000  7.409540e-01 
  865.000  7.411117e-01 
  866.000  7.411966e-01 
  867.000  7.412355e-01 
  868.000  7.413090e-01 
  869.000  7.414004e-01 
  870.000  7.414325e-01 
  871.000  7.415217e-01 
  872.000  7.416573e-01 
  873.000  7.416356e-01 
  874.000  7.416497e-01 
  875.000  7.416965e-01 
  876.000  7.416160e-01 
  877.000  7.416027e-01 
  878.000  7.412221e-01 
  879.000  7.412482e-01 
  880.000  7.409523e-01 
  881.000  7.407965e-01 
  882.000  7.406844e-01 
  883.000  7.409031e-01 
  884.000  7.410377e-01 
  885.000  7.403675e-01 
  886.000  7.394167e-01 
  887.000  7.402742e-01 
  888.000  7.402824e-01 
  889.000  7.405590e-01 
  890.000  7.400460e-01 
  891.000  7.389023e-01 
  892.000  7.364878e-01 
  893.000  7.287296e-01 
  894.000  7.249017e-01 
  895.000  7.128692e-01 
  896.000  7.020215e-01 
  897.000  6.904833e-01 
  898.000  6.850689e-01 
  899.000  6.692682e-01 
  900.000  6.716807e-01 
  901.000  6.675380e-01 
  902.000  6.682637e-01 
  903.000  6.948546e-01 
  904.000  7.107120e-01 
  905.000  7.101321e-01 
  906.000  7.002943e-01 
  907.000  6.826125e-01 
  908.000  6.707959e-01 
  909.000  6.713868e-01 
  910.000  6.732439e-01 
  911.000  6.811874e-01 
  912.000  6.774049e-01 
  913.000  6.606500e-01 
  914.000  6.690190e-01 
  915.000  6.755350e-01 
  916.000  6.772934e-01 
  917.000  6.807908e-01 
  918.000  6.852977e-01 
  919.000  7.004796e-01 
  920.000  7.117537e-01 
  921.000  7.092805e-01 
  922.000  7.090989e-01 
  923.000  7.059962e-01 
  924.000  6.984460e-01 
  925.000  6.979405e-01 
  926.000  6.980247e-01 
  927.000  6.893196e-01 
  928.000  6.757280e-01 
  929.000  6.556858e-01 
  930.000  6.294363e-01 
  931.000  5.989845e-01 
  932.000  5.579923e-01 
  933.000  5.250553e-01 
  934.000  4.890530e-01 
  935.000  4.853607e-01 
  936.000  5.003339e-01 
  937.000  4.963408e-01 
  938.000  5.355722e-01 
  939.000  6.294340e-01 
  940.000  6.423438e-01 
  941.000  6.309294e-01 
  942.000  6.025302e-01 
  943.000  5.528880e-01 
  944.000  5.494778e-01 
  945.000  5.680487e-01 
  946.000  5.689099e-01 
  947.000  5.845931e-01 
  948.000  5.936870e-01 
  949.000  5.923084e-01 
  950.000  5.945870e-01 
  951.000  6.146702e-01 
  952.000  5.928417e-01 
  953.000  6.078439e-01 
  954.000  6.235760e-01 
  955.000  6.104258e-01 
  956.000  6.071022e-01 
  957.000  6.466447e-01 
  958.000  6.514313e-01 
  959.000  6.448295e-01 
  960.000  6.428272e-01 
  961.000  6.394864e-01 
  962.000  6.423628e-01 
  963.000  6.633744e-01 
  964.000  6.662933e-01 
  965.000  6.642318e-01 
  966.000  6.652755e-01 
  967.000  6.798729e-01 
  968.000  7.036896e-01 
  969.000  7.142116e-01 
  970.000  7.147670e-01 
  971.000  7.145433e-01 
  972.000  7.116099e-01 
  973.000  7.047221e-01 
  974.000  6.962199e-01 
  975.000  6.907145e-01 
  976.000  6.975147e-01 
  977.000  7.085949e-01 
  978.000  7.076941e-01 
  979.000  7.105187e-01 
  980.000  7.216200e-01 
  981.000  7.240620e-01 
  982.000  7.216021e-01 
  983.000  7.272452e-01 
  984.000  7.330249e-01 
  985.000  7.363014e-01 
  986.000  7.405068e-01 
  987.000  7.423331e-01 
  988.000  7.427702e-01 
  989.000  7.430623e-01 
  990.000  7.435349e-01 
  991.000  7.450356e-01 
  992.000  7.455196e-01 
  993.000  7.457240e-01 
  994.000  7.471571e-01 
  995.000  7.481171e-01 
  996.000  7.481828e-01 
  997.000  7.475933e-01 
  998.000  7.469407e-01 
  999.000  7.467160e-01 
 1000.000  7.469762e-01 
 1001.000  7.455405e-01 
 1002.000  7.432876e-01 
 1003.000  7.438936e-01 
 1004.000  7.452108e-01 
 1005.000  7.458866e-01 
 1006.000  7.461106e-01 
 1007.000  7.456892e-01 
 1008.000  7.438723e-01 
 1009.000  7.413059e-01 
 1010.000  7.424977e-01 
 1011.000  7.452825e-01 
 1012.000  7.462828e-01 
 1013.000  7.471068e-01 
 1014.000  7.474865e-01 
 1015.000  7.475757e-01 
 1016.000  7.479832e-01 
 1017.000  7.482343e-01 
 1018.000  7.477797e-01 
 1019.000  7.468675e-01 
 1020.000  7.471957e-01 
 1021.000  7.479299e-01 
 1022.000  7.467998e-01 
 1023.000  7.458286e-01 
 1024.000  7.453508e-01 
 1025.000  7.470769e-01 
 1026.000  7.478502e-01 
 1027.000  7.475196e-01 
 1028.000  7.478000e-01 
 1029.000  7.485755e-01 
 1030.000  7.492899e-01 
 1031.000  7.496533e-01 
 1032.000  7.499364e-01 
 1033.000  7.500136e-01 
 1034.000  7.501892e-01 
 1035.000  7.502316e-01 
 1036.000  7.500737e-01 
 1037.000  7.500034e-01 
 1038.000  7.500718e-01 
 1039.000  7.499622e-01 
 1040.000  7.498409e-01 
 1041.000  7.497479e-01 
 1042.000  7.497212e-01 
 1043.000  7.497008e-01 
 1044.000  7.495928e-01 
 1045.000  7.493308e-01 
 1046.000  7.491417e-01 
 1047.000  7.488897e-01 
 1048.000  7.484383e-01 
 1049.000  7.479123e-01 
 1050.000  7.475874e-01 
 1051.000  7.472638e-01 
 1052.000  7.469438e-01 
 1053.000  7.467928e-01 
 1054.000  7.463711e-01 
 1055.000  7.459326e-01 
 1056.000  7.454789e-01 
 1057.000  7.446469e-01 
 1058.000  7.432231e-01 
 1059.000  7.431110e-01 
 1060.000  7.435426e-01 
 1061.000  7.432613e-01 
 1062.000  7.422826e-01 
 1063.000  7.416939e-01 
 1064.000  7.407798e-01 
 1065.000  7.399909e-01 
 1066.000  7.400336e-01 
 1067.000  7.395453e-01 
 1068.000  7.381983e-01 
 1069.000  7.382103e-01 
 1070.000  7.389112e-01 
 1071.000  7.383729e-01 
 1072.000  7.376771e-01 
 1073.000  7.377908e-01 
 1074.000  7.382284e-01 
 1075.000  7.399725e-01 
 1076.000  7.393224e-01 
 1077.000  7.383369e-01 
 1078.000  7.371200e-01 
 1079.000  7.371559e-01 
 1080.000  7.334511e-01 
 1081.000  7.334020e-01 
 1082.000  7.352748e-01 
 1083.000  7.333900e-01 
 1084.000  7.312721e-01 
 1085.000  7.259704e-01 
 1086.000  7.273850e-01 
 1087.000  7.334844e-01 
 1088.000  7.338243e-01 
 1089.000  7.266812e-01 
 1090.000  7.254320e-01 
 1091.000  7.269378e-01 
 1092.000  7.234549e-01 
 1093.000  7.153985e-01 
 1094.000  7.119005e-01 
 1095.000  7.125731e-01 
 1096.000  7.132180e-01 
 1097.000  7.117213e-01 
 1098.000  6.915736e-01 
 1099.000  6.740457e-01 
 1100.000  6.753377e-01 
 1101.000  6.778850e-01 
 1102.000  6.768509e-01 
 1103.000  6.785951e-01 
 1104.000  6.757410e-01 
 1105.000  6.683766e-01 
 1106.000  6.607560e-01 
 1107.000  6.628785e-01 
 1108.000  6.645641e-01 
 1109.000  6.714532e-01 
 1110.000  6.711367e-01 
 1111.000  6.677972e-01 
 1112.000  6.519790e-01 
 1113.000  6.301483e-01 
 1114.000  6.249920e-01 
 1115.000  5.973502e-01 
 1116.000  5.796078e-01 
 1117.000  5.357044e-01 
 1118.000  4.939500e-01 
 1119.000  4.715189e-01 
 1120.000  4.416802e-01 
 1121.000  4.350856e-01 
 1122.000  4.011781e-01 
 1123.000  4.208513e-01 
 1124.000  4.337064e-01 
 1125.000  4.272404e-01 
 1126.000  4.244786e-01 
 1127.000  4.269750e-01 
 1128.000  4.318523e-01 
 1129.000  4.637026e-01 
 1130.000  5.340326e-01 
 1131.000  5.532225e-01 
 1132.000  5.271950e-01 
 1133.000  4.762188e-01 
 1134.000  3.739561e-01 
 1135.000  3.821265e-01 
 1136.000  4.829577e-01 
 1137.000  5.323243e-01 
 1138.000  5.765416e-01 
 1139.000  5.882912e-01 
 1140.000  5.800738e-01 
 1141.000  5.625586e-01 
 1142.000  5.566168e-01 
 1143.000  5.375481e-01 
 1144.000  5.152161e-01 
 1145.000  4.818241e-01 
 1146.000  4.898068e-01 
 1147.000  5.156975e-01 
 1148.000  5.379372e-01 
 1149.000  5.464509e-01 
 1150.000  5.461364e-01 
