    0.0000000    0.0000000    0.0000000    0.0000000    0.0000000    0.0000000
    0.0000000    0.0000000    0.0000000    0.0000000    0.0000000    0.0000000
    0.0000000    0.0000000    0.0000000    0.0000000    0.0000000    0.0000000
    0.0000000    0.0000000    0.0000000    0.0000000    0.0000000    0.0000000
    0.0000000    0.0000000    0.0000000    0.0000000    0.0000000    0.0000000
    0.0000000    0.0000000    0.0000000    0.0000000    0.0000000    0.0000000
    0.0000000    0.0000000    0.0000000    0.0000000    0.0000000    0.0000000
    0.0000000    0.0000000    0.0000000    0.0000000    0.0000000    0.0000000
    0.0000000    0.0000000    0.0000000    0.0000000    0.0000000    0.0000000
    0.0000000    0.0000000    0.0000000    0.0000000    0.0000000    0.0000000
    0.0000000    0.0000000    0.0000000    0.0000000    0.0000000    0.0000000
    0.0000000    0.0000000    0.0000000    0.0000000    0.0000000    0.0000000
    0.0000000    0.0000000    0.0000000    0.0000000    0.0000000    0.0000000
    0.0000000    0.0000000    0.0000000    0.0000000    0.0000000    0.0000000
    0.0000000    0.0000000    0.0000000    0.0000000    0.0000000    0.0000000
    0.0000000    0.0000000    0.0000000    0.0000000    0.0000000    0.0000000
    0.0000000    0.0000000    0.0000000    0.0000000    0.0000000    0.0000000
    0.0000000    0.0000000    0.0000000    0.0000000    0.0000000    0.0000000
    0.0000000    0.0000000    0.0000000    0.0000000    0.0000000    0.0000000
  334.5157166   14.7362938   14.9726210   14.9726210   15.2018833   14.1433678
    0.0000000    0.0000000    0.0000000    0.0000000    0.0000000    0.0000000
    0.0000000    0.0000000    0.0000000    0.0000000    0.0000000    0.0000000
    0.0000000    0.0000000    0.0000000    0.0000000    0.0000000    0.0000000
  341.6832275   23.0026894   22.4769268   22.4769268   23.8223591   22.3974018
    0.0000000    0.0000000    0.0000000    0.0000000    0.0000000    0.0000000
    0.0000000    0.0000000    0.0000000    0.0000000    0.0000000    0.0000000
    0.0000000    0.0000000    0.0000000    0.0000000    0.0000000    0.0000000
    0.0000000    0.0000000    0.0000000    0.0000000    0.0000000    0.0000000
  351.6795959   44.5297279   43.0534782   43.0534782   45.9839172   43.8356590
    0.0000000    0.0000000    0.0000000    0.0000000    0.0000000    0.0000000
    0.0000000    0.0000000    0.0000000    0.0000000    0.0000000    0.0000000
    0.0000000    0.0000000    0.0000000    0.0000000    0.0000000    0.0000000
  360.7812805   87.8501434   85.5317917   85.5317917   90.6126022   86.5512772
    0.0000000    0.0000000    0.0000000    0.0000000    0.0000000    0.0000000
    0.0000000    0.0000000    0.0000000    0.0000000    0.0000000    0.0000000
    0.0000000    0.0000000    0.0000000    0.0000000    0.0000000    0.0000000
    0.0000000    0.0000000    0.0000000    0.0000000    0.0000000    0.0000000
  370.7370605  159.0338745  157.5569458  157.5569458  164.0838623  155.7431488
    0.0000000    0.0000000    0.0000000    0.0000000    0.0000000    0.0000000
    0.0000000    0.0000000    0.0000000    0.0000000    0.0000000    0.0000000
    0.0000000    0.0000000    0.0000000    0.0000000    0.0000000    0.0000000
    0.0000000    0.0000000    0.0000000    0.0000000    0.0000000    0.0000000
    0.0000000    0.0000000    0.0000000    0.0000000    0.0000000    0.0000000
  381.0237427  232.6436005  234.6333771  234.6333771  239.7147064  226.4310760
    0.0000000    0.0000000    0.0000000    0.0000000    0.0000000    0.0000000
    0.0000000    0.0000000    0.0000000    0.0000000    0.0000000    0.0000000
    0.0000000    0.0000000    0.0000000    0.0000000    0.0000000    0.0000000
  390.8255920  293.2113342  298.9076843  298.9076843  301.2257080  284.6267700
    0.0000000    0.0000000    0.0000000    0.0000000    0.0000000    0.0000000
    0.0000000    0.0000000    0.0000000    0.0000000    0.0000000    0.0000000
    0.0000000    0.0000000    0.0000000    0.0000000    0.0000000    0.0000000
    0.0000000    0.0000000    0.0000000    0.0000000    0.0000000    0.0000000
  400.1954041  345.1571655  353.2397156  353.2397156  353.0975342  335.5698242
    0.0000000    0.0000000    0.0000000    0.0000000    0.0000000    0.0000000
    0.0000000    0.0000000    0.0000000    0.0000000    0.0000000    0.0000000
    0.0000000    0.0000000    0.0000000    0.0000000    0.0000000    0.0000000
    0.0000000    0.0000000    0.0000000    0.0000000    0.0000000    0.0000000
    0.0000000    0.0000000    0.0000000    0.0000000    0.0000000    0.0000000
    0.0000000    0.0000000    0.0000000    0.0000000    0.0000000    0.0000000
    0.0000000    0.0000000    0.0000000    0.0000000    0.0000000    0.0000000
    0.0000000    0.0000000    0.0000000    0.0000000    0.0000000    0.0000000
    0.0000000    0.0000000    0.0000000    0.0000000    0.0000000    0.0000000
  420.9229736  432.2210693  442.4440613  442.4440613  438.8805542  422.9504700
    0.0000000    0.0000000    0.0000000    0.0000000    0.0000000    0.0000000
    0.0000000    0.0000000    0.0000000    0.0000000    0.0000000    0.0000000
    0.0000000    0.0000000    0.0000000    0.0000000    0.0000000    0.0000000
    0.0000000    0.0000000    0.0000000    0.0000000    0.0000000    0.0000000
  429.8526611  470.2513428  481.9161682  481.9161682  476.6204224  460.9890747
    0.0000000    0.0000000    0.0000000    0.0000000    0.0000000    0.0000000
    0.0000000    0.0000000    0.0000000    0.0000000    0.0000000    0.0000000
    0.0000000    0.0000000    0.0000000    0.0000000    0.0000000    0.0000000
    0.0000000    0.0000000    0.0000000    0.0000000    0.0000000    0.0000000
  440.1682739  506.5684814  520.5634766  520.5634766  513.0333862  496.7504272
    0.0000000    0.0000000    0.0000000    0.0000000    0.0000000    0.0000000
    0.0000000    0.0000000    0.0000000    0.0000000    0.0000000    0.0000000
    0.0000000    0.0000000    0.0000000    0.0000000    0.0000000    0.0000000
    0.0000000    0.0000000    0.0000000    0.0000000    0.0000000    0.0000000
  450.1445923  535.9226685  553.0014648  553.0014648  542.7014160  525.0660400
    0.0000000    0.0000000    0.0000000    0.0000000    0.0000000    0.0000000
    0.0000000    0.0000000    0.0000000    0.0000000    0.0000000    0.0000000
    0.0000000    0.0000000    0.0000000    0.0000000    0.0000000    0.0000000
    0.0000000    0.0000000    0.0000000    0.0000000    0.0000000    0.0000000
  460.0402832  561.0330811  581.7104492  581.7104492  568.1914062  548.8037720
    0.0000000    0.0000000    0.0000000    0.0000000    0.0000000    0.0000000
    0.0000000    0.0000000    0.0000000    0.0000000    0.0000000    0.0000000
    0.0000000    0.0000000    0.0000000    0.0000000    0.0000000    0.0000000
    0.0000000    0.0000000    0.0000000    0.0000000    0.0000000    0.0000000
  470.4092407  582.6320801  606.8180542  606.8180542  590.1798706  568.9372559
    0.0000000    0.0000000    0.0000000    0.0000000    0.0000000    0.0000000
    0.0000000    0.0000000    0.0000000    0.0000000    0.0000000    0.0000000
    0.0000000    0.0000000    0.0000000    0.0000000    0.0000000    0.0000000
    0.0000000    0.0000000    0.0000000    0.0000000    0.0000000    0.0000000
  480.7695007  601.3078613  628.6311646  628.6311646  609.0377197  586.3694458
    0.0000000    0.0000000    0.0000000    0.0000000    0.0000000    0.0000000
    0.0000000    0.0000000    0.0000000    0.0000000    0.0000000    0.0000000
    0.0000000    0.0000000    0.0000000    0.0000000    0.0000000    0.0000000
    0.0000000    0.0000000    0.0000000    0.0000000    0.0000000    0.0000000
  490.4579163  616.2333984  645.9721680  645.9721680  623.9533691  600.4082031
    0.0000000    0.0000000    0.0000000    0.0000000    0.0000000    0.0000000
    0.0000000    0.0000000    0.0000000    0.0000000    0.0000000    0.0000000
    0.0000000    0.0000000    0.0000000    0.0000000    0.0000000    0.0000000
    0.0000000    0.0000000    0.0000000    0.0000000    0.0000000    0.0000000
  499.5038452  629.8208008  661.2447510  661.2447510  637.3464966  613.5084229
    0.0000000    0.0000000    0.0000000    0.0000000    0.0000000    0.0000000
    0.0000000    0.0000000    0.0000000    0.0000000    0.0000000    0.0000000
    0.0000000    0.0000000    0.0000000    0.0000000    0.0000000    0.0000000
    0.0000000    0.0000000    0.0000000    0.0000000    0.0000000    0.0000000
  509.6590271  643.5099487  675.9863892  675.9863892  650.7356567  627.0283813
    0.0000000    0.0000000    0.0000000    0.0000000    0.0000000    0.0000000
    0.0000000    0.0000000    0.0000000    0.0000000    0.0000000    0.0000000
    0.0000000    0.0000000    0.0000000    0.0000000    0.0000000    0.0000000
    0.0000000    0.0000000    0.0000000    0.0000000    0.0000000    0.0000000
  520.1749268  657.6019287  690.5173340  690.5173340  664.4210815  641.2598877
    0.0000000    0.0000000    0.0000000    0.0000000    0.0000000    0.0000000
    0.0000000    0.0000000    0.0000000    0.0000000    0.0000000    0.0000000
    0.0000000    0.0000000    0.0000000    0.0000000    0.0000000    0.0000000
    0.0000000    0.0000000    0.0000000    0.0000000    0.0000000    0.0000000
  529.3831177  674.3571777  707.3407593  707.3407593  680.7310791  658.3415527
    0.0000000    0.0000000    0.0000000    0.0000000    0.0000000    0.0000000
    0.0000000    0.0000000    0.0000000    0.0000000    0.0000000    0.0000000
    0.0000000    0.0000000    0.0000000    0.0000000    0.0000000    0.0000000
    0.0000000    0.0000000    0.0000000    0.0000000    0.0000000    0.0000000
  540.4228516  688.7434692  721.3195801  721.3195801  694.6606445  673.2456665
    0.0000000    0.0000000    0.0000000    0.0000000    0.0000000    0.0000000
    0.0000000    0.0000000    0.0000000    0.0000000    0.0000000    0.0000000
    0.0000000    0.0000000    0.0000000    0.0000000    0.0000000    0.0000000
    0.0000000    0.0000000    0.0000000    0.0000000    0.0000000    0.0000000
  549.6991577  703.0137939  734.9453125  734.9453125  708.5186157  688.0868530
    0.0000000    0.0000000    0.0000000    0.0000000    0.0000000    0.0000000
    0.0000000    0.0000000    0.0000000    0.0000000    0.0000000    0.0000000
    0.0000000    0.0000000    0.0000000    0.0000000    0.0000000    0.0000000
    0.0000000    0.0000000    0.0000000    0.0000000    0.0000000    0.0000000
  559.7422485  714.6340332  748.1137085  748.1137085  723.5709229  696.4198608
    0.0000000    0.0000000    0.0000000    0.0000000    0.0000000    0.0000000
    0.0000000    0.0000000    0.0000000    0.0000000    0.0000000    0.0000000
    0.0000000    0.0000000    0.0000000    0.0000000    0.0000000    0.0000000
    0.0000000    0.0000000    0.0000000    0.0000000    0.0000000    0.0000000
  570.8093872  725.3401489  758.1072388  758.1072388  734.0061646  707.6050415
    0.0000000    0.0000000    0.0000000    0.0000000    0.0000000    0.0000000
    0.0000000    0.0000000    0.0000000    0.0000000    0.0000000    0.0000000
    0.0000000    0.0000000    0.0000000    0.0000000    0.0000000    0.0000000
    0.0000000    0.0000000    0.0000000    0.0000000    0.0000000    0.0000000
  579.9141235  738.1558838  770.3699341  770.3699341  746.6447144  720.7665405
    0.0000000    0.0000000    0.0000000    0.0000000    0.0000000    0.0000000
    0.0000000    0.0000000    0.0000000    0.0000000    0.0000000    0.0000000
    0.0000000    0.0000000    0.0000000    0.0000000    0.0000000    0.0000000
    0.0000000    0.0000000    0.0000000    0.0000000    0.0000000    0.0000000
  590.1240234  749.9140625  781.6268921  781.6268921  758.2887573  732.7858276
    0.0000000    0.0000000    0.0000000    0.0000000    0.0000000    0.0000000
    0.0000000    0.0000000    0.0000000    0.0000000    0.0000000    0.0000000
    0.0000000    0.0000000    0.0000000    0.0000000    0.0000000    0.0000000
    0.0000000    0.0000000    0.0000000    0.0000000    0.0000000    0.0000000
    0.0000000    0.0000000    0.0000000    0.0000000    0.0000000    0.0000000
  601.0615234  758.2121582  789.4750977  789.4750977  766.4988403  741.2982178
    0.0000000    0.0000000    0.0000000    0.0000000    0.0000000    0.0000000
    0.0000000    0.0000000    0.0000000    0.0000000    0.0000000    0.0000000
    0.0000000    0.0000000    0.0000000    0.0000000    0.0000000    0.0000000
  610.2459106  768.5141602  799.5494995  799.5494995  776.7745361  751.6820679
    0.0000000    0.0000000    0.0000000    0.0000000    0.0000000    0.0000000
    0.0000000    0.0000000    0.0000000    0.0000000    0.0000000    0.0000000
    0.0000000    0.0000000    0.0000000    0.0000000    0.0000000    0.0000000
    0.0000000    0.0000000    0.0000000    0.0000000    0.0000000    0.0000000
  619.8779297  777.8847656  808.7908325  808.7908325  786.1707153  761.0482178
    0.0000000    0.0000000    0.0000000    0.0000000    0.0000000    0.0000000
    0.0000000    0.0000000    0.0000000    0.0000000    0.0000000    0.0000000
    0.0000000    0.0000000    0.0000000    0.0000000    0.0000000    0.0000000
    0.0000000    0.0000000    0.0000000    0.0000000    0.0000000    0.0000000
  629.5192871  784.2089233  814.9047241  814.9047241  792.5104370  767.3907471
    0.0000000    0.0000000    0.0000000    0.0000000    0.0000000    0.0000000
    0.0000000    0.0000000    0.0000000    0.0000000    0.0000000    0.0000000
    0.0000000    0.0000000    0.0000000    0.0000000    0.0000000    0.0000000
    0.0000000    0.0000000    0.0000000    0.0000000    0.0000000    0.0000000
  640.9851685  792.1072388  822.7528687  822.7528687  800.4719238  775.2182007
    0.0000000    0.0000000    0.0000000    0.0000000    0.0000000    0.0000000
    0.0000000    0.0000000    0.0000000    0.0000000    0.0000000    0.0000000
    0.0000000    0.0000000    0.0000000    0.0000000    0.0000000    0.0000000
    0.0000000    0.0000000    0.0000000    0.0000000    0.0000000    0.0000000
  650.0711670  798.8986206  829.4900513  829.4900513  807.3195801  781.9394531
    0.0000000    0.0000000    0.0000000    0.0000000    0.0000000    0.0000000
    0.0000000    0.0000000    0.0000000    0.0000000    0.0000000    0.0000000
    0.0000000    0.0000000    0.0000000    0.0000000    0.0000000    0.0000000
  658.9175415  802.8997192  833.3444214  833.3444214  811.3876953  785.8945312
    0.0000000    0.0000000    0.0000000    0.0000000    0.0000000    0.0000000
    0.0000000    0.0000000    0.0000000    0.0000000    0.0000000    0.0000000
    0.0000000    0.0000000    0.0000000    0.0000000    0.0000000    0.0000000
    0.0000000    0.0000000    0.0000000    0.0000000    0.0000000    0.0000000
    0.0000000    0.0000000    0.0000000    0.0000000    0.0000000    0.0000000
  669.2063599  808.5347900  838.8867188  838.8867188  817.0758667  791.4777832
    0.0000000    0.0000000    0.0000000    0.0000000    0.0000000    0.0000000
    0.0000000    0.0000000    0.0000000    0.0000000    0.0000000    0.0000000
    0.0000000    0.0000000    0.0000000    0.0000000    0.0000000    0.0000000
    0.0000000    0.0000000    0.0000000    0.0000000    0.0000000    0.0000000
    0.0000000    0.0000000    0.0000000    0.0000000    0.0000000    0.0000000
    0.0000000    0.0000000    0.0000000    0.0000000    0.0000000    0.0000000
    0.0000000    0.0000000    0.0000000    0.0000000    0.0000000    0.0000000
    0.0000000    0.0000000    0.0000000    0.0000000    0.0000000    0.0000000
    0.0000000    0.0000000    0.0000000    0.0000000    0.0000000    0.0000000
  689.2343140  813.7255859  843.5116577  843.5116577  822.3565674  796.7040405
    0.0000000    0.0000000    0.0000000    0.0000000    0.0000000    0.0000000
    0.0000000    0.0000000    0.0000000    0.0000000    0.0000000    0.0000000
    0.0000000    0.0000000    0.0000000    0.0000000    0.0000000    0.0000000
    0.0000000    0.0000000    0.0000000    0.0000000    0.0000000    0.0000000
  700.2970581  816.3001709  845.6562500  845.6562500  824.9699097  799.3508301
    0.0000000    0.0000000    0.0000000    0.0000000    0.0000000    0.0000000
    0.0000000    0.0000000    0.0000000    0.0000000    0.0000000    0.0000000
    0.0000000    0.0000000    0.0000000    0.0000000    0.0000000    0.0000000
    0.0000000    0.0000000    0.0000000    0.0000000    0.0000000    0.0000000
  709.3052979  826.7136230  862.9750977  862.9750977  836.1159058  807.4617920
    0.0000000    0.0000000    0.0000000    0.0000000    0.0000000    0.0000000
    0.0000000    0.0000000    0.0000000    0.0000000    0.0000000    0.0000000
    0.0000000    0.0000000    0.0000000    0.0000000    0.0000000    0.0000000
    0.0000000    0.0000000    0.0000000    0.0000000    0.0000000    0.0000000
  720.1336060  824.5782471  860.0951538  860.0951538  833.8850098  805.6178589
    0.0000000    0.0000000    0.0000000    0.0000000    0.0000000    0.0000000
    0.0000000    0.0000000    0.0000000    0.0000000    0.0000000    0.0000000
    0.0000000    0.0000000    0.0000000    0.0000000    0.0000000    0.0000000
    0.0000000    0.0000000    0.0000000    0.0000000    0.0000000    0.0000000
  729.9447021  823.6333618  858.3393555  858.3393555  832.8500977  804.9821777
    0.0000000    0.0000000    0.0000000    0.0000000    0.0000000    0.0000000
    0.0000000    0.0000000    0.0000000    0.0000000    0.0000000    0.0000000
    0.0000000    0.0000000    0.0000000    0.0000000    0.0000000    0.0000000
    0.0000000    0.0000000    0.0000000    0.0000000    0.0000000    0.0000000
  739.2656860  826.8090210  860.8850098  860.8850098  835.9942627  808.3593750
    0.0000000    0.0000000    0.0000000    0.0000000    0.0000000    0.0000000
    0.0000000    0.0000000    0.0000000    0.0000000    0.0000000    0.0000000
    0.0000000    0.0000000    0.0000000    0.0000000    0.0000000    0.0000000
    0.0000000    0.0000000    0.0000000    0.0000000    0.0000000    0.0000000
    0.0000000    0.0000000    0.0000000    0.0000000    0.0000000    0.0000000
    0.0000000    0.0000000    0.0000000    0.0000000    0.0000000    0.0000000
    0.0000000    0.0000000    0.0000000    0.0000000    0.0000000    0.0000000
    0.0000000    0.0000000    0.0000000    0.0000000    0.0000000    0.0000000
    0.0000000    0.0000000    0.0000000    0.0000000    0.0000000    0.0000000
  760.6795044  820.3947144  852.4692993  852.4692993  829.2738647  802.7957764
    0.0000000    0.0000000    0.0000000    0.0000000    0.0000000    0.0000000
    0.0000000    0.0000000    0.0000000    0.0000000    0.0000000    0.0000000
    0.0000000    0.0000000    0.0000000    0.0000000    0.0000000    0.0000000
    0.0000000    0.0000000    0.0000000    0.0000000    0.0000000    0.0000000
  769.0779419  822.8878174  854.3112183  854.3112183  831.6618042  805.5758057
    0.0000000    0.0000000    0.0000000    0.0000000    0.0000000    0.0000000
    0.0000000    0.0000000    0.0000000    0.0000000    0.0000000    0.0000000
    0.0000000    0.0000000    0.0000000    0.0000000    0.0000000    0.0000000
    0.0000000    0.0000000    0.0000000    0.0000000    0.0000000    0.0000000
  779.7626953  822.6669312  852.9711304  852.9711304  831.2667847  805.8439941
    0.0000000    0.0000000    0.0000000    0.0000000    0.0000000    0.0000000
    0.0000000    0.0000000    0.0000000    0.0000000    0.0000000    0.0000000
    0.0000000    0.0000000    0.0000000    0.0000000    0.0000000    0.0000000
    0.0000000    0.0000000    0.0000000    0.0000000    0.0000000    0.0000000
  789.9914551  820.5133667  849.7437134  849.7437134  828.8906250  804.2043457
    0.0000000    0.0000000    0.0000000    0.0000000    0.0000000    0.0000000
    0.0000000    0.0000000    0.0000000    0.0000000    0.0000000    0.0000000
    0.0000000    0.0000000    0.0000000    0.0000000    0.0000000    0.0000000
    0.0000000    0.0000000    0.0000000    0.0000000    0.0000000    0.0000000
  799.6277466  820.8219604  849.0886230  849.0886230  829.0340576  804.9501953
    0.0000000    0.0000000    0.0000000    0.0000000    0.0000000    0.0000000
    0.0000000    0.0000000    0.0000000    0.0000000    0.0000000    0.0000000
  805.4509277  819.0711060  847.0454712  847.0454712  827.1895142  803.3811035
    0.0000000    0.0000000    0.0000000    0.0000000    0.0000000    0.0000000
    0.0000000    0.0000000    0.0000000    0.0000000    0.0000000    0.0000000
    0.0000000    0.0000000    0.0000000    0.0000000    0.0000000    0.0000000
    0.0000000    0.0000000    0.0000000    0.0000000    0.0000000    0.0000000
    0.0000000    0.0000000    0.0000000    0.0000000    0.0000000    0.0000000
    0.0000000    0.0000000    0.0000000    0.0000000    0.0000000    0.0000000
  819.2812500  820.5928955  846.7509766  846.7509766  828.3085938  805.8003540
    0.0000000    0.0000000    0.0000000    0.0000000    0.0000000    0.0000000
    0.0000000    0.0000000    0.0000000    0.0000000    0.0000000    0.0000000
    0.0000000    0.0000000    0.0000000    0.0000000    0.0000000    0.0000000
    0.0000000    0.0000000    0.0000000    0.0000000    0.0000000    0.0000000
  830.8225098  819.9011230  845.1499634  845.1499634  827.4127197  805.5673828
    0.0000000    0.0000000    0.0000000    0.0000000    0.0000000    0.0000000
    0.0000000    0.0000000    0.0000000    0.0000000    0.0000000    0.0000000
    0.0000000    0.0000000    0.0000000    0.0000000    0.0000000    0.0000000
    0.0000000    0.0000000    0.0000000    0.0000000    0.0000000    0.0000000
  840.4041138  824.1492920  848.6326294  848.6326294  831.4782715  810.2171021
    0.0000000    0.0000000    0.0000000    0.0000000    0.0000000    0.0000000
    0.0000000    0.0000000    0.0000000    0.0000000    0.0000000    0.0000000
    0.0000000    0.0000000    0.0000000    0.0000000    0.0000000    0.0000000
    0.0000000    0.0000000    0.0000000    0.0000000    0.0000000    0.0000000
  850.4373169  826.0215454  849.6665039  849.6665039  833.1940308  812.4837036
    0.0000000    0.0000000    0.0000000    0.0000000    0.0000000    0.0000000
    0.0000000    0.0000000    0.0000000    0.0000000    0.0000000    0.0000000
    0.0000000    0.0000000    0.0000000    0.0000000    0.0000000    0.0000000
    0.0000000    0.0000000    0.0000000    0.0000000    0.0000000    0.0000000
  859.3285522  853.9201660  887.0258789  887.0258789  864.0076294  835.5773926
    0.0000000    0.0000000    0.0000000    0.0000000    0.0000000    0.0000000
    0.0000000    0.0000000    0.0000000    0.0000000    0.0000000    0.0000000
    0.0000000    0.0000000    0.0000000    0.0000000    0.0000000    0.0000000
    0.0000000    0.0000000    0.0000000    0.0000000    0.0000000    0.0000000
  870.4711914  853.7722168  886.0413208  886.0413208  863.6409912  835.8778076
    0.0000000    0.0000000    0.0000000    0.0000000    0.0000000    0.0000000
    0.0000000    0.0000000    0.0000000    0.0000000    0.0000000    0.0000000
    0.0000000    0.0000000    0.0000000    0.0000000    0.0000000    0.0000000
    0.0000000    0.0000000    0.0000000    0.0000000    0.0000000    0.0000000
  879.2709961  855.5922241  887.0536499  887.0536499  865.2877197  838.1015015
    0.0000000    0.0000000    0.0000000    0.0000000    0.0000000    0.0000000
    0.0000000    0.0000000    0.0000000    0.0000000    0.0000000    0.0000000
    0.0000000    0.0000000    0.0000000    0.0000000    0.0000000    0.0000000
  887.6484985  858.6516113  889.5754395  889.5754395  868.1878662  841.4722290
    0.0000000    0.0000000    0.0000000    0.0000000    0.0000000    0.0000000
    0.0000000    0.0000000    0.0000000    0.0000000    0.0000000    0.0000000
    0.0000000    0.0000000    0.0000000    0.0000000    0.0000000    0.0000000
    0.0000000    0.0000000    0.0000000    0.0000000    0.0000000    0.0000000
    0.0000000    0.0000000    0.0000000    0.0000000    0.0000000    0.0000000
  900.7813721  858.3760376  888.5563965  888.5563965  867.7038574  841.6022339
    0.0000000    0.0000000    0.0000000    0.0000000    0.0000000    0.0000000
    0.0000000    0.0000000    0.0000000    0.0000000    0.0000000    0.0000000
    0.0000000    0.0000000    0.0000000    0.0000000    0.0000000    0.0000000
    0.0000000    0.0000000    0.0000000    0.0000000    0.0000000    0.0000000
  910.8431396  857.5170288  887.0331421  887.0331421  866.6117554  841.1403809
    0.0000000    0.0000000    0.0000000    0.0000000    0.0000000    0.0000000
    0.0000000    0.0000000    0.0000000    0.0000000    0.0000000    0.0000000
    0.0000000    0.0000000    0.0000000    0.0000000    0.0000000    0.0000000
    0.0000000    0.0000000    0.0000000    0.0000000    0.0000000    0.0000000
  920.1743164  849.2173462  877.7175293  877.7175293  857.9404297  833.4465942
    0.0000000    0.0000000    0.0000000    0.0000000    0.0000000    0.0000000
    0.0000000    0.0000000    0.0000000    0.0000000    0.0000000    0.0000000
    0.0000000    0.0000000    0.0000000    0.0000000    0.0000000    0.0000000
    0.0000000    0.0000000    0.0000000    0.0000000    0.0000000    0.0000000
  929.5133057  823.2805176  850.2219238  850.2219238  831.4237061  808.4255371
    0.0000000    0.0000000    0.0000000    0.0000000    0.0000000    0.0000000
    0.0000000    0.0000000    0.0000000    0.0000000    0.0000000    0.0000000
    0.0000000    0.0000000    0.0000000    0.0000000    0.0000000    0.0000000
  938.8588867  747.0014648  770.0160522  770.0160522  753.7131958  734.4908447
    0.0000000    0.0000000    0.0000000    0.0000000    0.0000000    0.0000000
    0.0000000    0.0000000    0.0000000    0.0000000    0.0000000    0.0000000
    0.0000000    0.0000000    0.0000000    0.0000000    0.0000000    0.0000000
    0.0000000    0.0000000    0.0000000    0.0000000    0.0000000    0.0000000
    0.0000000    0.0000000    0.0000000    0.0000000    0.0000000    0.0000000
  950.6616821  718.4989014  740.4443970  740.4443970  724.6735840  706.6661377
    0.0000000    0.0000000    0.0000000    0.0000000    0.0000000    0.0000000
    0.0000000    0.0000000    0.0000000    0.0000000    0.0000000    0.0000000
    0.0000000    0.0000000    0.0000000    0.0000000    0.0000000    0.0000000
    0.0000000    0.0000000    0.0000000    0.0000000    0.0000000    0.0000000
  960.5679321  724.7882080  748.1235962  748.1235962  731.2037354  712.1800537
    0.0000000    0.0000000    0.0000000    0.0000000    0.0000000    0.0000000
    0.0000000    0.0000000    0.0000000    0.0000000    0.0000000    0.0000000
  965.4043579  701.2421265  724.9650269  724.9650269  707.4548340  688.5244141
    0.0000000    0.0000000    0.0000000    0.0000000    0.0000000    0.0000000
    0.0000000    0.0000000    0.0000000    0.0000000    0.0000000    0.0000000
    0.0000000    0.0000000    0.0000000    0.0000000    0.0000000    0.0000000
    0.0000000    0.0000000    0.0000000    0.0000000    0.0000000    0.0000000
    0.0000000    0.0000000    0.0000000    0.0000000    0.0000000    0.0000000
    0.0000000    0.0000000    0.0000000    0.0000000    0.0000000    0.0000000
  979.9766846  656.2977295  679.6630859  679.6630859  662.0119629  643.9600220
    0.0000000    0.0000000    0.0000000    0.0000000    0.0000000    0.0000000
    0.0000000    0.0000000    0.0000000    0.0000000    0.0000000    0.0000000
    0.0000000    0.0000000    0.0000000    0.0000000    0.0000000    0.0000000
    0.0000000    0.0000000    0.0000000    0.0000000    0.0000000    0.0000000
    0.0000000    0.0000000    0.0000000    0.0000000    0.0000000    0.0000000
    0.0000000    0.0000000    0.0000000    0.0000000    0.0000000    0.0000000
    0.0000000    0.0000000    0.0000000    0.0000000    0.0000000    0.0000000
    0.0000000    0.0000000    0.0000000    0.0000000    0.0000000    0.0000000
    0.0000000    0.0000000    0.0000000    0.0000000    0.0000000    0.0000000
  999.7482300  507.7077332  527.9371948  527.9371948  511.9851990  497.4119263
    0.0000000    0.0000000    0.0000000    0.0000000    0.0000000    0.0000000
    0.0000000    0.0000000    0.0000000    0.0000000    0.0000000    0.0000000
    0.0000000    0.0000000    0.0000000    0.0000000    0.0000000    0.0000000
    0.0000000    0.0000000    0.0000000    0.0000000    0.0000000    0.0000000
 1009.3905640  414.2955017  431.8637390  431.8637390  417.8945312  405.4244995
    0.0000000    0.0000000    0.0000000    0.0000000    0.0000000    0.0000000
    0.0000000    0.0000000    0.0000000    0.0000000    0.0000000    0.0000000
    0.0000000    0.0000000    0.0000000    0.0000000    0.0000000    0.0000000
 1018.9747314  315.7729797  330.2317810  330.2317810  318.7206116  308.4853821
    0.0000000    0.0000000    0.0000000    0.0000000    0.0000000    0.0000000
    0.0000000    0.0000000    0.0000000    0.0000000    0.0000000    0.0000000
    0.0000000    0.0000000    0.0000000    0.0000000    0.0000000    0.0000000
    0.0000000    0.0000000    0.0000000    0.0000000    0.0000000    0.0000000
 1028.9381104  232.6076965  244.2617340  244.2617340  235.0237579  226.7260590
    0.0000000    0.0000000    0.0000000    0.0000000    0.0000000    0.0000000
    0.0000000    0.0000000    0.0000000    0.0000000    0.0000000    0.0000000
    0.0000000    0.0000000    0.0000000    0.0000000    0.0000000    0.0000000
    0.0000000    0.0000000    0.0000000    0.0000000    0.0000000    0.0000000
    0.0000000    0.0000000    0.0000000    0.0000000    0.0000000    0.0000000
 1039.2985840  137.8409729  145.8257294  145.8257294  139.4267273  133.8242188
    0.0000000    0.0000000    0.0000000    0.0000000    0.0000000    0.0000000
    0.0000000    0.0000000    0.0000000    0.0000000    0.0000000    0.0000000
    0.0000000    0.0000000    0.0000000    0.0000000    0.0000000    0.0000000
 1048.5858154   98.6533279  104.9707336  104.9707336   99.9877625   95.4227982
    0.0000000    0.0000000    0.0000000    0.0000000    0.0000000    0.0000000
    0.0000000    0.0000000    0.0000000    0.0000000    0.0000000    0.0000000
    0.0000000    0.0000000    0.0000000    0.0000000    0.0000000    0.0000000
    0.0000000    0.0000000    0.0000000    0.0000000    0.0000000    0.0000000
    0.0000000    0.0000000    0.0000000    0.0000000    0.0000000    0.0000000
    0.0000000    0.0000000    0.0000000    0.0000000    0.0000000    0.0000000
    0.0000000    0.0000000    0.0000000    0.0000000    0.0000000    0.0000000
    0.0000000    0.0000000    0.0000000    0.0000000    0.0000000    0.0000000
    0.0000000    0.0000000    0.0000000    0.0000000    0.0000000    0.0000000
    0.0000000    0.0000000    0.0000000    0.0000000    0.0000000    0.0000000
    0.0000000    0.0000000    0.0000000    0.0000000    0.0000000    0.0000000
    0.0000000    0.0000000    0.0000000    0.0000000    0.0000000    0.0000000
 1073.0329590   52.4749031   56.3489647   56.3489647   53.2817039   50.4946518
    0.0000000    0.0000000    0.0000000    0.0000000    0.0000000    0.0000000
    0.0000000    0.0000000    0.0000000    0.0000000    0.0000000    0.0000000
 1079.9759521   37.5904427   40.5303688   40.5303688   38.2061119   36.0849686
    0.0000000    0.0000000    0.0000000    0.0000000    0.0000000    0.0000000
    0.0000000    0.0000000    0.0000000    0.0000000    0.0000000    0.0000000
    0.0000000    0.0000000    0.0000000    0.0000000    0.0000000    0.0000000
    0.0000000    0.0000000    0.0000000    0.0000000    0.0000000    0.0000000
 1089.5623779   27.3713474   29.6085434   29.6085434   27.8401356   26.2216606
    0.0000000    0.0000000    0.0000000    0.0000000    0.0000000    0.0000000
    0.0000000    0.0000000    0.0000000    0.0000000    0.0000000    0.0000000
    0.0000000    0.0000000    0.0000000    0.0000000    0.0000000    0.0000000
 1097.4603271   18.8548164   20.4926453   20.4926453   19.1957951   18.0104485
    0.0000000    0.0000000    0.0000000    0.0000000    0.0000000    0.0000000
    0.0000000    0.0000000    0.0000000    0.0000000    0.0000000    0.0000000
    0.0000000    0.0000000    0.0000000    0.0000000    0.0000000    0.0000000
