    0.0000000    0.0000000    0.0000000    0.0000000    0.0000000    0.0000000
    0.0000000    0.0000000    0.0000000    0.0000000    0.0000000    0.0000000
    0.0000000    0.0000000    0.0000000    0.0000000    0.0000000    0.0000000
    0.0000000    0.0000000    0.0000000    0.0000000    0.0000000    0.0000000
    0.0000000    0.0000000    0.0000000    0.0000000    0.0000000    0.0000000
    0.0000000    0.0000000    0.0000000    0.0000000    0.0000000    0.0000000
    0.0000000    0.0000000    0.0000000    0.0000000    0.0000000    0.0000000
    0.0000000    0.0000000    0.0000000    0.0000000    0.0000000    0.0000000
    0.0000000    0.0000000    0.0000000    0.0000000    0.0000000    0.0000000
    0.0000000    0.0000000    0.0000000    0.0000000    0.0000000    0.0000000
    0.0000000    0.0000000    0.0000000    0.0000000    0.0000000    0.0000000
    0.0000000    0.0000000    0.0000000    0.0000000    0.0000000    0.0000000
    0.0000000    0.0000000    0.0000000    0.0000000    0.0000000    0.0000000
    0.0000000    0.0000000    0.0000000    0.0000000    0.0000000    0.0000000
    0.0000000    0.0000000    0.0000000    0.0000000    0.0000000    0.0000000
    0.0000000    0.0000000    0.0000000    0.0000000    0.0000000    0.0000000
    0.0000000    0.0000000    0.0000000    0.0000000    0.0000000    0.0000000
    0.0000000    0.0000000    0.0000000    0.0000000    0.0000000    0.0000000
    0.0000000    0.0000000    0.0000000    0.0000000    0.0000000    0.0000000
    0.0000000    0.0000000    0.0000000    0.0000000    0.0000000    0.0000000
    0.0000000    0.0000000    0.0000000    0.0000000    0.0000000    0.0000000
    0.0000000    0.0000000    0.0000000    0.0000000    0.0000000    0.0000000
    0.0000000    0.0000000    0.0000000    0.0000000    0.0000000    0.0000000
    0.0000000    0.0000000    0.0000000    0.0000000    0.0000000    0.0000000
    0.0000000    0.0000000    0.0000000    0.0000000    0.0000000    0.0000000
    0.0000000    0.0000000    0.0000000    0.0000000    0.0000000    0.0000000
    0.0000000    0.0000000    0.0000000    0.0000000    0.0000000    0.0000000
    0.0000000    0.0000000    0.0000000    0.0000000    0.0000000    0.0000000
    0.0000000    0.0000000    0.0000000    0.0000000    0.0000000    0.0000000
    0.0000000    0.0000000    0.0000000    0.0000000    0.0000000    0.0000000
    0.0000000    0.0000000    0.0000000    0.0000000    0.0000000    0.0000000
    0.0000000    0.0000000    0.0000000    0.0000000    0.0000000    0.0000000
    0.0000000    0.0000000    0.0000000    0.0000000    0.0000000    0.0000000
    0.0000000    0.0000000    0.0000000    0.0000000    0.0000000    0.0000000
    0.0000000    0.0000000    0.0000000    0.0000000    0.0000000    0.0000000
    0.0000000    0.0000000    0.0000000    0.0000000    0.0000000    0.0000000
    0.0000000    0.0000000    0.0000000    0.0000000    0.0000000    0.0000000
    0.0000000    0.0000000    0.0000000    0.0000000    0.0000000    0.0000000
    0.0000000    0.0000000    0.0000000    0.0000000    0.0000000    0.0000000
    0.0000000    0.0000000    0.0000000    0.0000000    0.0000000    0.0000000
    0.0000000    0.0000000    0.0000000    0.0000000    0.0000000    0.0000000
    0.0000000    0.0000000    0.0000000    0.0000000    0.0000000    0.0000000
    0.0000000    0.0000000    0.0000000    0.0000000    0.0000000    0.0000000
    0.0000000    0.0000000    0.0000000    0.0000000    0.0000000    0.0000000
    0.0000000    0.0000000    0.0000000    0.0000000    0.0000000    0.0000000
    0.0000000    0.0000000    0.0000000    0.0000000    0.0000000    0.0000000
    0.0000000    0.0000000    0.0000000    0.0000000    0.0000000    0.0000000
    0.0000000    0.0000000    0.0000000    0.0000000    0.0000000    0.0000000
    0.0000000    0.0000000    0.0000000    0.0000000    0.0000000    0.0000000
    0.0000000    0.0000000    0.0000000    0.0000000    0.0000000    0.0000000
    0.0000000    0.0000000    0.0000000    0.0000000    0.0000000    0.0000000
    0.0000000    0.0000000    0.0000000    0.0000000    0.0000000    0.0000000
    0.0000000    0.0000000    0.0000000    0.0000000    0.0000000    0.0000000
    0.0000000    0.0000000    0.0000000    0.0000000    0.0000000    0.0000000
    0.0000000    0.0000000    0.0000000    0.0000000    0.0000000    0.0000000
    0.0000000    0.0000000    0.0000000    0.0000000    0.0000000    0.0000000
    0.0000000    0.0000000    0.0000000    0.0000000    0.0000000    0.0000000
    0.0000000    0.0000000    0.0000000    0.0000000    0.0000000    0.0000000
    0.0000000    0.0000000    0.0000000    0.0000000    0.0000000    0.0000000
    0.0000000    0.0000000    0.0000000    0.0000000    0.0000000    0.0000000
    0.0000000    0.0000000    0.0000000    0.0000000    0.0000000    0.0000000
    0.0000000    0.0000000    0.0000000    0.0000000    0.0000000    0.0000000
    0.0000000    0.0000000    0.0000000    0.0000000    0.0000000    0.0000000
    0.0000000    0.0000000    0.0000000    0.0000000    0.0000000    0.0000000
    0.0000000    0.0000000    0.0000000    0.0000000    0.0000000    0.0000000
    0.0000000    0.0000000    0.0000000    0.0000000    0.0000000    0.0000000
    0.0000000    0.0000000    0.0000000    0.0000000    0.0000000    0.0000000
    0.0000000    0.0000000    0.0000000    0.0000000    0.0000000    0.0000000
    0.0000000    0.0000000    0.0000000    0.0000000    0.0000000    0.0000000
    0.0000000    0.0000000    0.0000000    0.0000000    0.0000000    0.0000000
    0.0000000    0.0000000    0.0000000    0.0000000    0.0000000    0.0000000
    0.0000000    0.0000000    0.0000000    0.0000000    0.0000000    0.0000000
    0.0000000    0.0000000    0.0000000    0.0000000    0.0000000    0.0000000
    0.0000000    0.0000000    0.0000000    0.0000000    0.0000000    0.0000000
    0.0000000    0.0000000    0.0000000    0.0000000    0.0000000    0.0000000
    0.0000000    0.0000000    0.0000000    0.0000000    0.0000000    0.0000000
    0.0000000    0.0000000    0.0000000    0.0000000    0.0000000    0.0000000
    0.0000000    0.0000000    0.0000000    0.0000000    0.0000000    0.0000000
    0.0000000    0.0000000    0.0000000    0.0000000    0.0000000    0.0000000
    0.0000000    0.0000000    0.0000000    0.0000000    0.0000000    0.0000000
    0.0000000    0.0000000    0.0000000    0.0000000    0.0000000    0.0000000
    0.0000000    0.0000000    0.0000000    0.0000000    0.0000000    0.0000000
    0.0000000    0.0000000    0.0000000    0.0000000    0.0000000    0.0000000
    0.0000000    0.0000000    0.0000000    0.0000000    0.0000000    0.0000000
    0.0000000    0.0000000    0.0000000    0.0000000    0.0000000    0.0000000
    0.0000000    0.0000000    0.0000000    0.0000000    0.0000000    0.0000000
    0.0000000    0.0000000    0.0000000    0.0000000    0.0000000    0.0000000
    0.0000000    0.0000000    0.0000000    0.0000000    0.0000000    0.0000000
    0.0000000    0.0000000    0.0000000    0.0000000    0.0000000    0.0000000
    0.0000000    0.0000000    0.0000000    0.0000000    0.0000000    0.0000000
    0.0000000    0.0000000    0.0000000    0.0000000    0.0000000    0.0000000
    0.0000000    0.0000000    0.0000000    0.0000000    0.0000000    0.0000000
    0.0000000    0.0000000    0.0000000    0.0000000    0.0000000    0.0000000
    0.0000000    0.0000000    0.0000000    0.0000000    0.0000000    0.0000000
    0.0000000    0.0000000    0.0000000    0.0000000    0.0000000    0.0000000
    0.0000000    0.0000000    0.0000000    0.0000000    0.0000000    0.0000000
    0.0000000    0.0000000    0.0000000    0.0000000    0.0000000    0.0000000
    0.0000000    0.0000000    0.0000000    0.0000000    0.0000000    0.0000000
    0.0000000    0.0000000    0.0000000    0.0000000    0.0000000    0.0000000
    0.0000000    0.0000000    0.0000000    0.0000000    0.0000000    0.0000000
    0.0000000    0.0000000    0.0000000    0.0000000    0.0000000    0.0000000
    0.0000000    0.0000000    0.0000000    0.0000000    0.0000000    0.0000000
    0.0000000    0.0000000    0.0000000    0.0000000    0.0000000    0.0000000
    0.0000000    0.0000000    0.0000000    0.0000000    0.0000000    0.0000000
    0.0000000    0.0000000    0.0000000    0.0000000    0.0000000    0.0000000
    0.0000000    0.0000000    0.0000000    0.0000000    0.0000000    0.0000000
    0.0000000    0.0000000    0.0000000    0.0000000    0.0000000    0.0000000
    0.0000000    0.0000000    0.0000000    0.0000000    0.0000000    0.0000000
    0.0000000    0.0000000    0.0000000    0.0000000    0.0000000    0.0000000
    0.0000000    0.0000000    0.0000000    0.0000000    0.0000000    0.0000000
    0.0000000    0.0000000    0.0000000    0.0000000    0.0000000    0.0000000
    0.0000000    0.0000000    0.0000000    0.0000000    0.0000000    0.0000000
    0.0000000    0.0000000    0.0000000    0.0000000    0.0000000    0.0000000
    0.0000000    0.0000000    0.0000000    0.0000000    0.0000000    0.0000000
    0.0000000    0.0000000    0.0000000    0.0000000    0.0000000    0.0000000
    0.0000000    0.0000000    0.0000000    0.0000000    0.0000000    0.0000000
    0.0000000    0.0000000    0.0000000    0.0000000    0.0000000    0.0000000
    0.0000000    0.0000000    0.0000000    0.0000000    0.0000000    0.0000000
    0.0000000    0.0000000    0.0000000    0.0000000    0.0000000    0.0000000
    0.0000000    0.0000000    0.0000000    0.0000000    0.0000000    0.0000000
    0.0000000    0.0000000    0.0000000    0.0000000    0.0000000    0.0000000
    0.0000000    0.0000000    0.0000000    0.0000000    0.0000000    0.0000000
  540.1012573    1.9985126    1.2205461    1.2205461    1.7933284    2.4369297
  542.1007690    2.5121896    1.6137838    1.6137838    2.2515311    3.0411747
  544.0664673    3.2359021    2.1857047    2.1857047    2.9071498    3.8748491
  546.0849609    4.1328564    2.9181197    2.9181197    3.7196445    4.8931341
  548.0809937    5.1333404    3.8726206    3.8726206    4.6661701    5.9495335
  550.1559448    6.5139198    5.2253680    5.2253680    6.0115905    7.3725815
  552.1486206    8.1048870    6.9681258    6.9681258    7.5797148    8.9480429
  554.0975952   10.0889702    9.1093798    9.1093798    9.5186062   10.9218636
  556.0656128   12.7551174   11.8890715   11.8890715   12.1596689   13.5594902
  557.9999390   16.3729534   15.6061640   15.6061640   15.8702822   17.0619583
  559.9531860   22.1703949   21.7707596   21.7707596   22.0756245   22.3978920
  561.9806519   36.3871689   37.6145287   37.6145287   38.0159302   34.5920830
  563.8867798   88.7964630   98.0054321   98.0054321   96.3075943   78.7329941
  565.9013672  255.0142670  288.7673035  288.7673035  264.0140991  232.2804565
  567.9013672  505.0765076  538.0015259  538.0015259  506.4669800  489.9956665
  569.9569702  620.4633789  641.2207642  641.2207642  624.9295044  610.1071167
  572.0195923  638.2678223  662.5468750  662.5468750  643.8657837  626.0374756
  573.9326172  643.1472168  666.1483154  666.1483154  649.1213379  631.0614624
  575.9990234  649.7424927  672.5302124  672.5302124  657.1212158  636.4385376
  578.0197754  654.1198120  682.0946045  682.0946045  661.6649170  638.7864380
  580.1203003  657.2692261  686.4544067  686.4544067  664.9111938  641.4202271
  582.3369141  664.4293213  692.7529907  692.7529907  672.6835327  648.5699463
  584.3319702  666.7344360  695.2570190  695.2570190  674.4882202  651.3613892
  586.3210449  665.2666016  693.5629272  693.5629272  673.4896240  649.6216431
  588.3290405  662.1002808  691.6779785  691.6779785  670.2550659  645.9539795
  590.3361816  662.5614014  691.5115356  691.5115356  670.1094360  646.9667969
  592.3992310  668.6279297  695.9421387  695.9421387  676.2623291  653.5733643
  594.3445435  671.3869629  698.8290405  698.8290405  678.7185059  656.6325684
  596.3447266  670.4770508  697.2460938  697.2460938  677.5364380  656.1241455
  598.3401489  672.1148682  697.7910156  697.7910156  679.4318848  657.8425293
  600.3400879  676.3580933  702.8994141  702.8994141  683.6705322  661.7753296
  602.3323364  679.7844849  706.9192505  706.9192505  686.5208130  665.4960327
  604.2393188  682.1567383  707.9268188  707.9268188  688.8793335  668.4381104
  606.3015747  682.6571045  708.2210083  708.2210083  689.9310303  668.6221924
  608.1995239  681.2167969  707.5713501  707.5713501  687.8937988  667.2647095
  610.1798706  683.5024414  708.3886719  708.3886719  689.7958984  670.1940308
  612.1599731  687.5724487  712.0110474  712.0110474  694.5377808  673.8719482
  614.1058350  691.8510742  718.1148071  718.1148071  698.2917480  677.9745483
  616.0665894  693.2550659  718.8041992  718.8041992  699.1712646  680.0476074
  618.0231323  694.6484375  719.0192261  719.0192261  701.4381104  681.2027588
  620.0615845  696.4113159  721.7240601  721.7240601  703.1242065  682.7168579
  622.0007324  696.6599121  721.4608765  721.4608765  703.1226196  683.2617188
  624.0269165  698.5704346  723.7338867  723.7338867  705.6488647  684.5440674
  626.0000610  699.1081543  725.9213867  725.9213867  705.4569702  685.0615845
  628.0387573  700.6846313  725.6487427  725.6487427  706.6084595  687.5765381
  630.0596924  704.6138306  728.3867798  728.3867798  711.5506592  691.1869507
  631.9347534  704.8621826  730.4389648  730.4389648  711.2620239  691.2442017
  634.0964966  703.8166504  728.4496460  728.4496460  709.4846191  690.9948120
  636.2151489  708.5646973  731.8618164  731.8618164  715.1561890  695.4725342
  638.2500610  710.2300415  734.8959351  734.8959351  716.8244629  696.6960449
  640.2585449  711.2916870  736.2489624  736.2489624  717.4345703  698.0072632
  642.2196045  713.3535156  738.2102661  738.2102661  719.9506836  699.7869873
  644.1960449  711.0383301  736.7943726  736.7943726  717.4848633  697.2887573
  646.2194824  711.1093750  736.0673828  736.0673828  717.4173584  697.6975098
  648.1945801  713.1442261  737.2760620  737.2760620  720.1188965  699.4898071
  650.2002563  712.7378540  738.1113892  738.1113892  719.3885498  698.8844604
  652.1998291  712.8289795  737.9913940  737.9913940  718.6376343  699.6060791
  654.1405640  715.5217896  739.0641479  739.0641479  721.7188110  702.5130005
  656.1640015  718.6705322  742.5375977  742.5375977  725.2442017  705.2980957
  658.0887451  720.9331665  745.4038696  745.4038696  727.1760254  707.6248779
  660.0596924  720.5481567  744.6550903  744.6550903  727.0597534  707.1611938
  662.0814209  719.7475586  744.9302368  744.9302368  726.5443115  705.7916260
  663.9920044  717.5341187  743.8671875  743.8671875  723.8108521  703.5350952
  666.0000610  719.0669556  744.1835327  744.1835327  725.1263428  705.5669556
  667.8977051  722.3056641  745.9121094  745.9121094  728.7708740  708.9987793
  669.8202515  724.6793213  748.3720703  748.3720703  731.1812744  711.3560181
  671.9190674  725.9949341  750.0723267  750.0723267  732.3876953  712.6290283
  673.9246826  725.0573120  749.4755859  749.4755859  731.5751953  711.4842529
  675.9607544  722.9042969  747.6664429  747.6664429  729.3348999  709.2714233
  677.8524170  723.1631470  747.4655151  747.4655151  729.4153442  709.7769775
  679.9797363  724.0081787  747.5578003  747.5578003  730.4120483  710.7254639
  681.9949341  725.2990723  749.0854492  749.0854492  731.7903442  711.8692017
  684.0201416  726.2150879  750.3161011  750.3161011  732.5460205  712.8110962
  685.9382324  725.1600342  748.6669312  748.6669312  731.4871826  711.9709473
  687.9693604  725.4942017  748.6292114  748.6292114  732.0971680  712.2395020
  690.0046387  724.4879761  747.9714966  747.9714966  731.1457520  711.0725098
  692.1068115  722.6636353  746.2112427  746.2112427  729.0893555  709.3830566
  694.0812988  722.0404663  745.1601562  745.1601562  728.7363281  708.6622314
  695.9992065  721.2207642  744.8403320  744.8403320  728.1465454  707.4718018
  698.0651245  719.9453735  743.5994263  743.5994263  726.0562134  706.8225098
  700.0493164  720.6530151  742.7260132  742.7260132  726.7603760  708.1099854
  702.0203247  729.7449951  759.4671021  759.4671021  737.7656860  713.7680054
  703.9738770  727.1119995  760.1288452  760.1288452  735.1247559  710.1259155
  705.9991455  719.5943604  755.3643188  755.3643188  730.3594360  699.6875000
  707.9506836  703.5177612  750.7609253  750.7609253  717.1849365  677.8290405
  709.9272461  681.5540771  736.2292480  736.2292480  689.3085938  658.3963623
  711.9719849  658.1028442  713.7314453  713.7314453  683.7998657  621.0797729
  713.8201294  551.5942993  703.6027832  703.6027832  602.9335938  463.9907227
  715.8625488  308.4810181  556.6000366  556.6000366  327.2015381  213.0218964
  717.7804565  114.7993698  275.8663025  275.8663025  111.5699692   62.7906036
  719.8287354   35.8114700   93.8821411   93.8821411   32.7205048   18.3172035
  721.7572021   10.7893381   26.8411102   26.8411102    9.8231163    5.9899850
  723.7734985    3.8005157    8.0590267    8.0590267    3.6758749    2.4239810
  725.7139893    1.7917442    3.0573761    3.0573761    1.8950280    1.2798193
  727.7814331    1.1252717    1.6261057    1.6261057    1.2631294    0.8504941
  729.7423706    0.8150178    1.0729872    1.0729872    0.9432686    0.6311147
  731.9194946    0.6520982    0.7977874    0.7977874    0.7748945    0.5120450
  734.0444946    0.5628314    0.6504454    0.6504454    0.6825215    0.4434234
  735.9970703    0.5273703    0.5926590    0.5926590    0.6495801    0.4139830
  738.0031128    0.5309463    0.5964776    0.5964776    0.6543382    0.4179302
  740.1275635    0.5069299    0.5682739    0.5682739    0.6305354    0.3944300
  742.0701294    0.4943553    0.5519063    0.5519063    0.6223773    0.3803704
  744.1873169    0.4804141    0.5369344    0.5369344    0.6076409    0.3658195
  746.1304932    0.5018585    0.5549713    0.5549713    0.6256922    0.3935943
  748.1101685    0.4967488    0.5581120    0.5581120    0.6209235    0.3861276
  750.0780640    0.4857036    0.5376739    0.5376739    0.6119800    0.3753766
    0.0000000    0.0000000    0.0000000    0.0000000    0.0000000    0.0000000
    0.0000000    0.0000000    0.0000000    0.0000000    0.0000000    0.0000000
    0.0000000    0.0000000    0.0000000    0.0000000    0.0000000    0.0000000
    0.0000000    0.0000000    0.0000000    0.0000000    0.0000000    0.0000000
    0.0000000    0.0000000    0.0000000    0.0000000    0.0000000    0.0000000
    0.0000000    0.0000000    0.0000000    0.0000000    0.0000000    0.0000000
    0.0000000    0.0000000    0.0000000    0.0000000    0.0000000    0.0000000
    0.0000000    0.0000000    0.0000000    0.0000000    0.0000000    0.0000000
    0.0000000    0.0000000    0.0000000    0.0000000    0.0000000    0.0000000
    0.0000000    0.0000000    0.0000000    0.0000000    0.0000000    0.0000000
    0.0000000    0.0000000    0.0000000    0.0000000    0.0000000    0.0000000
    0.0000000    0.0000000    0.0000000    0.0000000    0.0000000    0.0000000
    0.0000000    0.0000000    0.0000000    0.0000000    0.0000000    0.0000000
    0.0000000    0.0000000    0.0000000    0.0000000    0.0000000    0.0000000
    0.0000000    0.0000000    0.0000000    0.0000000    0.0000000    0.0000000
    0.0000000    0.0000000    0.0000000    0.0000000    0.0000000    0.0000000
    0.0000000    0.0000000    0.0000000    0.0000000    0.0000000    0.0000000
    0.0000000    0.0000000    0.0000000    0.0000000    0.0000000    0.0000000
    0.0000000    0.0000000    0.0000000    0.0000000    0.0000000    0.0000000
    0.0000000    0.0000000    0.0000000    0.0000000    0.0000000    0.0000000
    0.0000000    0.0000000    0.0000000    0.0000000    0.0000000    0.0000000
    0.0000000    0.0000000    0.0000000    0.0000000    0.0000000    0.0000000
    0.0000000    0.0000000    0.0000000    0.0000000    0.0000000    0.0000000
    0.0000000    0.0000000    0.0000000    0.0000000    0.0000000    0.0000000
    0.0000000    0.0000000    0.0000000    0.0000000    0.0000000    0.0000000
    0.0000000    0.0000000    0.0000000    0.0000000    0.0000000    0.0000000
    0.0000000    0.0000000    0.0000000    0.0000000    0.0000000    0.0000000
    0.0000000    0.0000000    0.0000000    0.0000000    0.0000000    0.0000000
    0.0000000    0.0000000    0.0000000    0.0000000    0.0000000    0.0000000
    0.0000000    0.0000000    0.0000000    0.0000000    0.0000000    0.0000000
    0.0000000    0.0000000    0.0000000    0.0000000    0.0000000    0.0000000
    0.0000000    0.0000000    0.0000000    0.0000000    0.0000000    0.0000000
    0.0000000    0.0000000    0.0000000    0.0000000    0.0000000    0.0000000
    0.0000000    0.0000000    0.0000000    0.0000000    0.0000000    0.0000000
    0.0000000    0.0000000    0.0000000    0.0000000    0.0000000    0.0000000
    0.0000000    0.0000000    0.0000000    0.0000000    0.0000000    0.0000000
    0.0000000    0.0000000    0.0000000    0.0000000    0.0000000    0.0000000
    0.0000000    0.0000000    0.0000000    0.0000000    0.0000000    0.0000000
    0.0000000    0.0000000    0.0000000    0.0000000    0.0000000    0.0000000
    0.0000000    0.0000000    0.0000000    0.0000000    0.0000000    0.0000000
    0.0000000    0.0000000    0.0000000    0.0000000    0.0000000    0.0000000
    0.0000000    0.0000000    0.0000000    0.0000000    0.0000000    0.0000000
    0.0000000    0.0000000    0.0000000    0.0000000    0.0000000    0.0000000
    0.0000000    0.0000000    0.0000000    0.0000000    0.0000000    0.0000000
    0.0000000    0.0000000    0.0000000    0.0000000    0.0000000    0.0000000
    0.0000000    0.0000000    0.0000000    0.0000000    0.0000000    0.0000000
    0.0000000    0.0000000    0.0000000    0.0000000    0.0000000    0.0000000
    0.0000000    0.0000000    0.0000000    0.0000000    0.0000000    0.0000000
    0.0000000    0.0000000    0.0000000    0.0000000    0.0000000    0.0000000
    0.0000000    0.0000000    0.0000000    0.0000000    0.0000000    0.0000000
    0.0000000    0.0000000    0.0000000    0.0000000    0.0000000    0.0000000
    0.0000000    0.0000000    0.0000000    0.0000000    0.0000000    0.0000000
    0.0000000    0.0000000    0.0000000    0.0000000    0.0000000    0.0000000
    0.0000000    0.0000000    0.0000000    0.0000000    0.0000000    0.0000000
    0.0000000    0.0000000    0.0000000    0.0000000    0.0000000    0.0000000
    0.0000000    0.0000000    0.0000000    0.0000000    0.0000000    0.0000000
    0.0000000    0.0000000    0.0000000    0.0000000    0.0000000    0.0000000
    0.0000000    0.0000000    0.0000000    0.0000000    0.0000000    0.0000000
    0.0000000    0.0000000    0.0000000    0.0000000    0.0000000    0.0000000
    0.0000000    0.0000000    0.0000000    0.0000000    0.0000000    0.0000000
    0.0000000    0.0000000    0.0000000    0.0000000    0.0000000    0.0000000
    0.0000000    0.0000000    0.0000000    0.0000000    0.0000000    0.0000000
    0.0000000    0.0000000    0.0000000    0.0000000    0.0000000    0.0000000
    0.0000000    0.0000000    0.0000000    0.0000000    0.0000000    0.0000000
    0.0000000    0.0000000    0.0000000    0.0000000    0.0000000    0.0000000
    0.0000000    0.0000000    0.0000000    0.0000000    0.0000000    0.0000000
    0.0000000    0.0000000    0.0000000    0.0000000    0.0000000    0.0000000
    0.0000000    0.0000000    0.0000000    0.0000000    0.0000000    0.0000000
    0.0000000    0.0000000    0.0000000    0.0000000    0.0000000    0.0000000
    0.0000000    0.0000000    0.0000000    0.0000000    0.0000000    0.0000000
    0.0000000    0.0000000    0.0000000    0.0000000    0.0000000    0.0000000
    0.0000000    0.0000000    0.0000000    0.0000000    0.0000000    0.0000000
    0.0000000    0.0000000    0.0000000    0.0000000    0.0000000    0.0000000
    0.0000000    0.0000000    0.0000000    0.0000000    0.0000000    0.0000000
    0.0000000    0.0000000    0.0000000    0.0000000    0.0000000    0.0000000
    0.0000000    0.0000000    0.0000000    0.0000000    0.0000000    0.0000000
    0.0000000    0.0000000    0.0000000    0.0000000    0.0000000    0.0000000
    0.0000000    0.0000000    0.0000000    0.0000000    0.0000000    0.0000000
    0.0000000    0.0000000    0.0000000    0.0000000    0.0000000    0.0000000
    0.0000000    0.0000000    0.0000000    0.0000000    0.0000000    0.0000000
    0.0000000    0.0000000    0.0000000    0.0000000    0.0000000    0.0000000
    0.0000000    0.0000000    0.0000000    0.0000000    0.0000000    0.0000000
    0.0000000    0.0000000    0.0000000    0.0000000    0.0000000    0.0000000
    0.0000000    0.0000000    0.0000000    0.0000000    0.0000000    0.0000000
    0.0000000    0.0000000    0.0000000    0.0000000    0.0000000    0.0000000
    0.0000000    0.0000000    0.0000000    0.0000000    0.0000000    0.0000000
    0.0000000    0.0000000    0.0000000    0.0000000    0.0000000    0.0000000
    0.0000000    0.0000000    0.0000000    0.0000000    0.0000000    0.0000000
    0.0000000    0.0000000    0.0000000    0.0000000    0.0000000    0.0000000
    0.0000000    0.0000000    0.0000000    0.0000000    0.0000000    0.0000000
    0.0000000    0.0000000    0.0000000    0.0000000    0.0000000    0.0000000
    0.0000000    0.0000000    0.0000000    0.0000000    0.0000000    0.0000000
    0.0000000    0.0000000    0.0000000    0.0000000    0.0000000    0.0000000
    0.0000000    0.0000000    0.0000000    0.0000000    0.0000000    0.0000000
    0.0000000    0.0000000    0.0000000    0.0000000    0.0000000    0.0000000
    0.0000000    0.0000000    0.0000000    0.0000000    0.0000000    0.0000000
    0.0000000    0.0000000    0.0000000    0.0000000    0.0000000    0.0000000
    0.0000000    0.0000000    0.0000000    0.0000000    0.0000000    0.0000000
    0.0000000    0.0000000    0.0000000    0.0000000    0.0000000    0.0000000
    0.0000000    0.0000000    0.0000000    0.0000000    0.0000000    0.0000000
    0.0000000    0.0000000    0.0000000    0.0000000    0.0000000    0.0000000
    0.0000000    0.0000000    0.0000000    0.0000000    0.0000000    0.0000000
    0.0000000    0.0000000    0.0000000    0.0000000    0.0000000    0.0000000
    0.0000000    0.0000000    0.0000000    0.0000000    0.0000000    0.0000000
    0.0000000    0.0000000    0.0000000    0.0000000    0.0000000    0.0000000
    0.0000000    0.0000000    0.0000000    0.0000000    0.0000000    0.0000000
    0.0000000    0.0000000    0.0000000    0.0000000    0.0000000    0.0000000
    0.0000000    0.0000000    0.0000000    0.0000000    0.0000000    0.0000000
    0.0000000    0.0000000    0.0000000    0.0000000    0.0000000    0.0000000
    0.0000000    0.0000000    0.0000000    0.0000000    0.0000000    0.0000000
    0.0000000    0.0000000    0.0000000    0.0000000    0.0000000    0.0000000
    0.0000000    0.0000000    0.0000000    0.0000000    0.0000000    0.0000000
    0.0000000    0.0000000    0.0000000    0.0000000    0.0000000    0.0000000
    0.0000000    0.0000000    0.0000000    0.0000000    0.0000000    0.0000000
    0.0000000    0.0000000    0.0000000    0.0000000    0.0000000    0.0000000
    0.0000000    0.0000000    0.0000000    0.0000000    0.0000000    0.0000000
    0.0000000    0.0000000    0.0000000    0.0000000    0.0000000    0.0000000
    0.0000000    0.0000000    0.0000000    0.0000000    0.0000000    0.0000000
    0.0000000    0.0000000    0.0000000    0.0000000    0.0000000    0.0000000
    0.0000000    0.0000000    0.0000000    0.0000000    0.0000000    0.0000000
    0.0000000    0.0000000    0.0000000    0.0000000    0.0000000    0.0000000
    0.0000000    0.0000000    0.0000000    0.0000000    0.0000000    0.0000000
    0.0000000    0.0000000    0.0000000    0.0000000    0.0000000    0.0000000
    0.0000000    0.0000000    0.0000000    0.0000000    0.0000000    0.0000000
    0.0000000    0.0000000    0.0000000    0.0000000    0.0000000    0.0000000
    0.0000000    0.0000000    0.0000000    0.0000000    0.0000000    0.0000000
    0.0000000    0.0000000    0.0000000    0.0000000    0.0000000    0.0000000
    0.0000000    0.0000000    0.0000000    0.0000000    0.0000000    0.0000000
    0.0000000    0.0000000    0.0000000    0.0000000    0.0000000    0.0000000
    0.0000000    0.0000000    0.0000000    0.0000000    0.0000000    0.0000000
    0.0000000    0.0000000    0.0000000    0.0000000    0.0000000    0.0000000
    0.0000000    0.0000000    0.0000000    0.0000000    0.0000000    0.0000000
    0.0000000    0.0000000    0.0000000    0.0000000    0.0000000    0.0000000
    0.0000000    0.0000000    0.0000000    0.0000000    0.0000000    0.0000000
    0.0000000    0.0000000    0.0000000    0.0000000    0.0000000    0.0000000
    0.0000000    0.0000000    0.0000000    0.0000000    0.0000000    0.0000000
    0.0000000    0.0000000    0.0000000    0.0000000    0.0000000    0.0000000
    0.0000000    0.0000000    0.0000000    0.0000000    0.0000000    0.0000000
    0.0000000    0.0000000    0.0000000    0.0000000    0.0000000    0.0000000
    0.0000000    0.0000000    0.0000000    0.0000000    0.0000000    0.0000000
    0.0000000    0.0000000    0.0000000    0.0000000    0.0000000    0.0000000
    0.0000000    0.0000000    0.0000000    0.0000000    0.0000000    0.0000000
    0.0000000    0.0000000    0.0000000    0.0000000    0.0000000    0.0000000
    0.0000000    0.0000000    0.0000000    0.0000000    0.0000000    0.0000000
    0.0000000    0.0000000    0.0000000    0.0000000    0.0000000    0.0000000
    0.0000000    0.0000000    0.0000000    0.0000000    0.0000000    0.0000000
    0.0000000    0.0000000    0.0000000    0.0000000    0.0000000    0.0000000
    0.0000000    0.0000000    0.0000000    0.0000000    0.0000000    0.0000000
    0.0000000    0.0000000    0.0000000    0.0000000    0.0000000    0.0000000
    0.0000000    0.0000000    0.0000000    0.0000000    0.0000000    0.0000000
    0.0000000    0.0000000    0.0000000    0.0000000    0.0000000    0.0000000
    0.0000000    0.0000000    0.0000000    0.0000000    0.0000000    0.0000000
    0.0000000    0.0000000    0.0000000    0.0000000    0.0000000    0.0000000
    0.0000000    0.0000000    0.0000000    0.0000000    0.0000000    0.0000000
    0.0000000    0.0000000    0.0000000    0.0000000    0.0000000    0.0000000
    0.0000000    0.0000000    0.0000000    0.0000000    0.0000000    0.0000000
    0.0000000    0.0000000    0.0000000    0.0000000    0.0000000    0.0000000
    0.0000000    0.0000000    0.0000000    0.0000000    0.0000000    0.0000000
    0.0000000    0.0000000    0.0000000    0.0000000    0.0000000    0.0000000
    0.0000000    0.0000000    0.0000000    0.0000000    0.0000000    0.0000000
    0.0000000    0.0000000    0.0000000    0.0000000    0.0000000    0.0000000
    0.0000000    0.0000000    0.0000000    0.0000000    0.0000000    0.0000000
    0.0000000    0.0000000    0.0000000    0.0000000    0.0000000    0.0000000
    0.0000000    0.0000000    0.0000000    0.0000000    0.0000000    0.0000000
    0.0000000    0.0000000    0.0000000    0.0000000    0.0000000    0.0000000
    0.0000000    0.0000000    0.0000000    0.0000000    0.0000000    0.0000000
    0.0000000    0.0000000    0.0000000    0.0000000    0.0000000    0.0000000
    0.0000000    0.0000000    0.0000000    0.0000000    0.0000000    0.0000000
    0.0000000    0.0000000    0.0000000    0.0000000    0.0000000    0.0000000
    0.0000000    0.0000000    0.0000000    0.0000000    0.0000000    0.0000000
    0.0000000    0.0000000    0.0000000    0.0000000    0.0000000    0.0000000
    0.0000000    0.0000000    0.0000000    0.0000000    0.0000000    0.0000000
    0.0000000    0.0000000    0.0000000    0.0000000    0.0000000    0.0000000
    0.0000000    0.0000000    0.0000000    0.0000000    0.0000000    0.0000000
    0.0000000    0.0000000    0.0000000    0.0000000    0.0000000    0.0000000
    0.0000000    0.0000000    0.0000000    0.0000000    0.0000000    0.0000000
    0.0000000    0.0000000    0.0000000    0.0000000    0.0000000    0.0000000
