    0.0000000    0.0000000    0.0000000    0.0000000    0.0000000    0.0000000
    0.0000000    0.0000000    0.0000000    0.0000000    0.0000000    0.0000000
    0.0000000    0.0000000    0.0000000    0.0000000    0.0000000    0.0000000
    0.0000000    0.0000000    0.0000000    0.0000000    0.0000000    0.0000000
    0.0000000    0.0000000    0.0000000    0.0000000    0.0000000    0.0000000
    0.0000000    0.0000000    0.0000000    0.0000000    0.0000000    0.0000000
    0.0000000    0.0000000    0.0000000    0.0000000    0.0000000    0.0000000
    0.0000000    0.0000000    0.0000000    0.0000000    0.0000000    0.0000000
    0.0000000    0.0000000    0.0000000    0.0000000    0.0000000    0.0000000
    0.0000000    0.0000000    0.0000000    0.0000000    0.0000000    0.0000000
    0.0000000    0.0000000    0.0000000    0.0000000    0.0000000    0.0000000
    0.0000000    0.0000000    0.0000000    0.0000000    0.0000000    0.0000000
    0.0000000    0.0000000    0.0000000    0.0000000    0.0000000    0.0000000
    0.0000000    0.0000000    0.0000000    0.0000000    0.0000000    0.0000000
    0.0000000    0.0000000    0.0000000    0.0000000    0.0000000    0.0000000
    0.0000000    0.0000000    0.0000000    0.0000000    0.0000000    0.0000000
    0.0000000    0.0000000    0.0000000    0.0000000    0.0000000    0.0000000
    0.0000000    0.0000000    0.0000000    0.0000000    0.0000000    0.0000000
    0.0000000    0.0000000    0.0000000    0.0000000    0.0000000    0.0000000
    0.0000000    0.0000000    0.0000000    0.0000000    0.0000000    0.0000000
    0.0000000    0.0000000    0.0000000    0.0000000    0.0000000    0.0000000
    0.0000000    0.0000000    0.0000000    0.0000000    0.0000000    0.0000000
    0.0000000    0.0000000    0.0000000    0.0000000    0.0000000    0.0000000
    0.0000000    0.0000000    0.0000000    0.0000000    0.0000000    0.0000000
    0.0000000    0.0000000    0.0000000    0.0000000    0.0000000    0.0000000
    0.0000000    0.0000000    0.0000000    0.0000000    0.0000000    0.0000000
    0.0000000    0.0000000    0.0000000    0.0000000    0.0000000    0.0000000
    0.0000000    0.0000000    0.0000000    0.0000000    0.0000000    0.0000000
    0.0000000    0.0000000    0.0000000    0.0000000    0.0000000    0.0000000
    0.0000000    0.0000000    0.0000000    0.0000000    0.0000000    0.0000000
    0.0000000    0.0000000    0.0000000    0.0000000    0.0000000    0.0000000
    0.0000000    0.0000000    0.0000000    0.0000000    0.0000000    0.0000000
    0.0000000    0.0000000    0.0000000    0.0000000    0.0000000    0.0000000
    0.0000000    0.0000000    0.0000000    0.0000000    0.0000000    0.0000000
    0.0000000    0.0000000    0.0000000    0.0000000    0.0000000    0.0000000
    0.0000000    0.0000000    0.0000000    0.0000000    0.0000000    0.0000000
    0.0000000    0.0000000    0.0000000    0.0000000    0.0000000    0.0000000
    0.0000000    0.0000000    0.0000000    0.0000000    0.0000000    0.0000000
    0.0000000    0.0000000    0.0000000    0.0000000    0.0000000    0.0000000
    0.0000000    0.0000000    0.0000000    0.0000000    0.0000000    0.0000000
    0.0000000    0.0000000    0.0000000    0.0000000    0.0000000    0.0000000
    0.0000000    0.0000000    0.0000000    0.0000000    0.0000000    0.0000000
    0.0000000    0.0000000    0.0000000    0.0000000    0.0000000    0.0000000
    0.0000000    0.0000000    0.0000000    0.0000000    0.0000000    0.0000000
    0.0000000    0.0000000    0.0000000    0.0000000    0.0000000    0.0000000
    0.0000000    0.0000000    0.0000000    0.0000000    0.0000000    0.0000000
    0.0000000    0.0000000    0.0000000    0.0000000    0.0000000    0.0000000
    0.0000000    0.0000000    0.0000000    0.0000000    0.0000000    0.0000000
    0.0000000    0.0000000    0.0000000    0.0000000    0.0000000    0.0000000
    0.0000000    0.0000000    0.0000000    0.0000000    0.0000000    0.0000000
    0.0000000    0.0000000    0.0000000    0.0000000    0.0000000    0.0000000
    0.0000000    0.0000000    0.0000000    0.0000000    0.0000000    0.0000000
    0.0000000    0.0000000    0.0000000    0.0000000    0.0000000    0.0000000
    0.0000000    0.0000000    0.0000000    0.0000000    0.0000000    0.0000000
    0.0000000    0.0000000    0.0000000    0.0000000    0.0000000    0.0000000
    0.0000000    0.0000000    0.0000000    0.0000000    0.0000000    0.0000000
    0.0000000    0.0000000    0.0000000    0.0000000    0.0000000    0.0000000
    0.0000000    0.0000000    0.0000000    0.0000000    0.0000000    0.0000000
    0.0000000    0.0000000    0.0000000    0.0000000    0.0000000    0.0000000
    0.0000000    0.0000000    0.0000000    0.0000000    0.0000000    0.0000000
    0.0000000    0.0000000    0.0000000    0.0000000    0.0000000    0.0000000
    0.0000000    0.0000000    0.0000000    0.0000000    0.0000000    0.0000000
    0.0000000    0.0000000    0.0000000    0.0000000    0.0000000    0.0000000
    0.0000000    0.0000000    0.0000000    0.0000000    0.0000000    0.0000000
    0.0000000    0.0000000    0.0000000    0.0000000    0.0000000    0.0000000
    0.0000000    0.0000000    0.0000000    0.0000000    0.0000000    0.0000000
    0.0000000    0.0000000    0.0000000    0.0000000    0.0000000    0.0000000
    0.0000000    0.0000000    0.0000000    0.0000000    0.0000000    0.0000000
    0.0000000    0.0000000    0.0000000    0.0000000    0.0000000    0.0000000
    0.0000000    0.0000000    0.0000000    0.0000000    0.0000000    0.0000000
    0.0000000    0.0000000    0.0000000    0.0000000    0.0000000    0.0000000
    0.0000000    0.0000000    0.0000000    0.0000000    0.0000000    0.0000000
    0.0000000    0.0000000    0.0000000    0.0000000    0.0000000    0.0000000
    0.0000000    0.0000000    0.0000000    0.0000000    0.0000000    0.0000000
    0.0000000    0.0000000    0.0000000    0.0000000    0.0000000    0.0000000
    0.0000000    0.0000000    0.0000000    0.0000000    0.0000000    0.0000000
    0.0000000    0.0000000    0.0000000    0.0000000    0.0000000    0.0000000
    0.0000000    0.0000000    0.0000000    0.0000000    0.0000000    0.0000000
    0.0000000    0.0000000    0.0000000    0.0000000    0.0000000    0.0000000
    0.0000000    0.0000000    0.0000000    0.0000000    0.0000000    0.0000000
    0.0000000    0.0000000    0.0000000    0.0000000    0.0000000    0.0000000
    0.0000000    0.0000000    0.0000000    0.0000000    0.0000000    0.0000000
    0.0000000    0.0000000    0.0000000    0.0000000    0.0000000    0.0000000
    0.0000000    0.0000000    0.0000000    0.0000000    0.0000000    0.0000000
    0.0000000    0.0000000    0.0000000    0.0000000    0.0000000    0.0000000
    0.0000000    0.0000000    0.0000000    0.0000000    0.0000000    0.0000000
    0.0000000    0.0000000    0.0000000    0.0000000    0.0000000    0.0000000
    0.0000000    0.0000000    0.0000000    0.0000000    0.0000000    0.0000000
    0.0000000    0.0000000    0.0000000    0.0000000    0.0000000    0.0000000
    0.0000000    0.0000000    0.0000000    0.0000000    0.0000000    0.0000000
    0.0000000    0.0000000    0.0000000    0.0000000    0.0000000    0.0000000
    0.0000000    0.0000000    0.0000000    0.0000000    0.0000000    0.0000000
    0.0000000    0.0000000    0.0000000    0.0000000    0.0000000    0.0000000
    0.0000000    0.0000000    0.0000000    0.0000000    0.0000000    0.0000000
    0.0000000    0.0000000    0.0000000    0.0000000    0.0000000    0.0000000
    0.0000000    0.0000000    0.0000000    0.0000000    0.0000000    0.0000000
    0.0000000    0.0000000    0.0000000    0.0000000    0.0000000    0.0000000
    0.0000000    0.0000000    0.0000000    0.0000000    0.0000000    0.0000000
    0.0000000    0.0000000    0.0000000    0.0000000    0.0000000    0.0000000
    0.0000000    0.0000000    0.0000000    0.0000000    0.0000000    0.0000000
    0.0000000    0.0000000    0.0000000    0.0000000    0.0000000    0.0000000
    0.0000000    0.0000000    0.0000000    0.0000000    0.0000000    0.0000000
    0.0000000    0.0000000    0.0000000    0.0000000    0.0000000    0.0000000
    0.0000000    0.0000000    0.0000000    0.0000000    0.0000000    0.0000000
    0.0000000    0.0000000    0.0000000    0.0000000    0.0000000    0.0000000
    0.0000000    0.0000000    0.0000000    0.0000000    0.0000000    0.0000000
    0.0000000    0.0000000    0.0000000    0.0000000    0.0000000    0.0000000
    0.0000000    0.0000000    0.0000000    0.0000000    0.0000000    0.0000000
    0.0000000    0.0000000    0.0000000    0.0000000    0.0000000    0.0000000
    0.0000000    0.0000000    0.0000000    0.0000000    0.0000000    0.0000000
    0.0000000    0.0000000    0.0000000    0.0000000    0.0000000    0.0000000
    0.0000000    0.0000000    0.0000000    0.0000000    0.0000000    0.0000000
    0.0000000    0.0000000    0.0000000    0.0000000    0.0000000    0.0000000
    0.0000000    0.0000000    0.0000000    0.0000000    0.0000000    0.0000000
    0.0000000    0.0000000    0.0000000    0.0000000    0.0000000    0.0000000
    0.0000000    0.0000000    0.0000000    0.0000000    0.0000000    0.0000000
    0.0000000    0.0000000    0.0000000    0.0000000    0.0000000    0.0000000
    0.0000000    0.0000000    0.0000000    0.0000000    0.0000000    0.0000000
    0.0000000    0.0000000    0.0000000    0.0000000    0.0000000    0.0000000
    0.0000000    0.0000000    0.0000000    0.0000000    0.0000000    0.0000000
    0.0000000    0.0000000    0.0000000    0.0000000    0.0000000    0.0000000
    0.0000000    0.0000000    0.0000000    0.0000000    0.0000000    0.0000000
    0.0000000    0.0000000    0.0000000    0.0000000    0.0000000    0.0000000
    0.0000000    0.0000000    0.0000000    0.0000000    0.0000000    0.0000000
    0.0000000    0.0000000    0.0000000    0.0000000    0.0000000    0.0000000
    0.0000000    0.0000000    0.0000000    0.0000000    0.0000000    0.0000000
    0.0000000    0.0000000    0.0000000    0.0000000    0.0000000    0.0000000
    0.0000000    0.0000000    0.0000000    0.0000000    0.0000000    0.0000000
    0.0000000    0.0000000    0.0000000    0.0000000    0.0000000    0.0000000
    0.0000000    0.0000000    0.0000000    0.0000000    0.0000000    0.0000000
    0.0000000    0.0000000    0.0000000    0.0000000    0.0000000    0.0000000
    0.0000000    0.0000000    0.0000000    0.0000000    0.0000000    0.0000000
    0.0000000    0.0000000    0.0000000    0.0000000    0.0000000    0.0000000
    0.0000000    0.0000000    0.0000000    0.0000000    0.0000000    0.0000000
    0.0000000    0.0000000    0.0000000    0.0000000    0.0000000    0.0000000
    0.0000000    0.0000000    0.0000000    0.0000000    0.0000000    0.0000000
    0.0000000    0.0000000    0.0000000    0.0000000    0.0000000    0.0000000
    0.0000000    0.0000000    0.0000000    0.0000000    0.0000000    0.0000000
    0.0000000    0.0000000    0.0000000    0.0000000    0.0000000    0.0000000
    0.0000000    0.0000000    0.0000000    0.0000000    0.0000000    0.0000000
    0.0000000    0.0000000    0.0000000    0.0000000    0.0000000    0.0000000
    0.0000000    0.0000000    0.0000000    0.0000000    0.0000000    0.0000000
    0.0000000    0.0000000    0.0000000    0.0000000    0.0000000    0.0000000
    0.0000000    0.0000000    0.0000000    0.0000000    0.0000000    0.0000000
    0.0000000    0.0000000    0.0000000    0.0000000    0.0000000    0.0000000
    0.0000000    0.0000000    0.0000000    0.0000000    0.0000000    0.0000000
    0.0000000    0.0000000    0.0000000    0.0000000    0.0000000    0.0000000
    0.0000000    0.0000000    0.0000000    0.0000000    0.0000000    0.0000000
    0.0000000    0.0000000    0.0000000    0.0000000    0.0000000    0.0000000
    0.0000000    0.0000000    0.0000000    0.0000000    0.0000000    0.0000000
    0.0000000    0.0000000    0.0000000    0.0000000    0.0000000    0.0000000
    0.0000000    0.0000000    0.0000000    0.0000000    0.0000000    0.0000000
    0.0000000    0.0000000    0.0000000    0.0000000    0.0000000    0.0000000
    0.0000000    0.0000000    0.0000000    0.0000000    0.0000000    0.0000000
    0.0000000    0.0000000    0.0000000    0.0000000    0.0000000    0.0000000
    0.0000000    0.0000000    0.0000000    0.0000000    0.0000000    0.0000000
    0.0000000    0.0000000    0.0000000    0.0000000    0.0000000    0.0000000
    0.0000000    0.0000000    0.0000000    0.0000000    0.0000000    0.0000000
    0.0000000    0.0000000    0.0000000    0.0000000    0.0000000    0.0000000
    0.0000000    0.0000000    0.0000000    0.0000000    0.0000000    0.0000000
    0.0000000    0.0000000    0.0000000    0.0000000    0.0000000    0.0000000
    0.0000000    0.0000000    0.0000000    0.0000000    0.0000000    0.0000000
    0.0000000    0.0000000    0.0000000    0.0000000    0.0000000    0.0000000
    0.0000000    0.0000000    0.0000000    0.0000000    0.0000000    0.0000000
    0.0000000    0.0000000    0.0000000    0.0000000    0.0000000    0.0000000
    0.0000000    0.0000000    0.0000000    0.0000000    0.0000000    0.0000000
    0.0000000    0.0000000    0.0000000    0.0000000    0.0000000    0.0000000
    0.0000000    0.0000000    0.0000000    0.0000000    0.0000000    0.0000000
    0.0000000    0.0000000    0.0000000    0.0000000    0.0000000    0.0000000
    0.0000000    0.0000000    0.0000000    0.0000000    0.0000000    0.0000000
    0.0000000    0.0000000    0.0000000    0.0000000    0.0000000    0.0000000
    0.0000000    0.0000000    0.0000000    0.0000000    0.0000000    0.0000000
    0.0000000    0.0000000    0.0000000    0.0000000    0.0000000    0.0000000
    0.0000000    0.0000000    0.0000000    0.0000000    0.0000000    0.0000000
    0.0000000    0.0000000    0.0000000    0.0000000    0.0000000    0.0000000
    0.0000000    0.0000000    0.0000000    0.0000000    0.0000000    0.0000000
    0.0000000    0.0000000    0.0000000    0.0000000    0.0000000    0.0000000
    0.0000000    0.0000000    0.0000000    0.0000000    0.0000000    0.0000000
    0.0000000    0.0000000    0.0000000    0.0000000    0.0000000    0.0000000
    0.0000000    0.0000000    0.0000000    0.0000000    0.0000000    0.0000000
    0.0000000    0.0000000    0.0000000    0.0000000    0.0000000    0.0000000
    0.0000000    0.0000000    0.0000000    0.0000000    0.0000000    0.0000000
    0.0000000    0.0000000    0.0000000    0.0000000    0.0000000    0.0000000
    0.0000000    0.0000000    0.0000000    0.0000000    0.0000000    0.0000000
    0.0000000    0.0000000    0.0000000    0.0000000    0.0000000    0.0000000
    0.0000000    0.0000000    0.0000000    0.0000000    0.0000000    0.0000000
    0.0000000    0.0000000    0.0000000    0.0000000    0.0000000    0.0000000
    0.0000000    0.0000000    0.0000000    0.0000000    0.0000000    0.0000000
    0.0000000    0.0000000    0.0000000    0.0000000    0.0000000    0.0000000
    0.0000000    0.0000000    0.0000000    0.0000000    0.0000000    0.0000000
    0.0000000    0.0000000    0.0000000    0.0000000    0.0000000    0.0000000
    0.0000000    0.0000000    0.0000000    0.0000000    0.0000000    0.0000000
    0.0000000    0.0000000    0.0000000    0.0000000    0.0000000    0.0000000
    0.0000000    0.0000000    0.0000000    0.0000000    0.0000000    0.0000000
    0.0000000    0.0000000    0.0000000    0.0000000    0.0000000    0.0000000
    0.0000000    0.0000000    0.0000000    0.0000000    0.0000000    0.0000000
    0.0000000    0.0000000    0.0000000    0.0000000    0.0000000    0.0000000
    0.0000000    0.0000000    0.0000000    0.0000000    0.0000000    0.0000000
    0.0000000    0.0000000    0.0000000    0.0000000    0.0000000    0.0000000
    0.0000000    0.0000000    0.0000000    0.0000000    0.0000000    0.0000000
    0.0000000    0.0000000    0.0000000    0.0000000    0.0000000    0.0000000
    0.0000000    0.0000000    0.0000000    0.0000000    0.0000000    0.0000000
    0.0000000    0.0000000    0.0000000    0.0000000    0.0000000    0.0000000
    0.0000000    0.0000000    0.0000000    0.0000000    0.0000000    0.0000000
    0.0000000    0.0000000    0.0000000    0.0000000    0.0000000    0.0000000
    0.0000000    0.0000000    0.0000000    0.0000000    0.0000000    0.0000000
    0.0000000    0.0000000    0.0000000    0.0000000    0.0000000    0.0000000
    0.0000000    0.0000000    0.0000000    0.0000000    0.0000000    0.0000000
    0.0000000    0.0000000    0.0000000    0.0000000    0.0000000    0.0000000
    0.0000000    0.0000000    0.0000000    0.0000000    0.0000000    0.0000000
    0.0000000    0.0000000    0.0000000    0.0000000    0.0000000    0.0000000
    0.0000000    0.0000000    0.0000000    0.0000000    0.0000000    0.0000000
    0.0000000    0.0000000    0.0000000    0.0000000    0.0000000    0.0000000
    0.0000000    0.0000000    0.0000000    0.0000000    0.0000000    0.0000000
    0.0000000    0.0000000    0.0000000    0.0000000    0.0000000    0.0000000
    0.0000000    0.0000000    0.0000000    0.0000000    0.0000000    0.0000000
    0.0000000    0.0000000    0.0000000    0.0000000    0.0000000    0.0000000
    0.0000000    0.0000000    0.0000000    0.0000000    0.0000000    0.0000000
    0.0000000    0.0000000    0.0000000    0.0000000    0.0000000    0.0000000
    0.0000000    0.0000000    0.0000000    0.0000000    0.0000000    0.0000000
    0.0000000    0.0000000    0.0000000    0.0000000    0.0000000    0.0000000
    0.0000000    0.0000000    0.0000000    0.0000000    0.0000000    0.0000000
    0.0000000    0.0000000    0.0000000    0.0000000    0.0000000    0.0000000
    0.0000000    0.0000000    0.0000000    0.0000000    0.0000000    0.0000000
    0.0000000    0.0000000    0.0000000    0.0000000    0.0000000    0.0000000
    0.0000000    0.0000000    0.0000000    0.0000000    0.0000000    0.0000000
    0.0000000    0.0000000    0.0000000    0.0000000    0.0000000    0.0000000
    0.0000000    0.0000000    0.0000000    0.0000000    0.0000000    0.0000000
    0.0000000    0.0000000    0.0000000    0.0000000    0.0000000    0.0000000
    0.0000000    0.0000000    0.0000000    0.0000000    0.0000000    0.0000000
    0.0000000    0.0000000    0.0000000    0.0000000    0.0000000    0.0000000
    0.0000000    0.0000000    0.0000000    0.0000000    0.0000000    0.0000000
    0.0000000    0.0000000    0.0000000    0.0000000    0.0000000    0.0000000
    0.0000000    0.0000000    0.0000000    0.0000000    0.0000000    0.0000000
    0.0000000    0.0000000    0.0000000    0.0000000    0.0000000    0.0000000
    0.0000000    0.0000000    0.0000000    0.0000000    0.0000000    0.0000000
    0.0000000    0.0000000    0.0000000    0.0000000    0.0000000    0.0000000
    0.0000000    0.0000000    0.0000000    0.0000000    0.0000000    0.0000000
    0.0000000    0.0000000    0.0000000    0.0000000    0.0000000    0.0000000
    0.0000000    0.0000000    0.0000000    0.0000000    0.0000000    0.0000000
    0.0000000    0.0000000    0.0000000    0.0000000    0.0000000    0.0000000
    0.0000000    0.0000000    0.0000000    0.0000000    0.0000000    0.0000000
    0.0000000    0.0000000    0.0000000    0.0000000    0.0000000    0.0000000
    0.0000000    0.0000000    0.0000000    0.0000000    0.0000000    0.0000000
    0.0000000    0.0000000    0.0000000    0.0000000    0.0000000    0.0000000
    0.0000000    0.0000000    0.0000000    0.0000000    0.0000000    0.0000000
    0.0000000    0.0000000    0.0000000    0.0000000    0.0000000    0.0000000
    0.0000000    0.0000000    0.0000000    0.0000000    0.0000000    0.0000000
    0.0000000    0.0000000    0.0000000    0.0000000    0.0000000    0.0000000
    0.0000000    0.0000000    0.0000000    0.0000000    0.0000000    0.0000000
    0.0000000    0.0000000    0.0000000    0.0000000    0.0000000    0.0000000
    0.0000000    0.0000000    0.0000000    0.0000000    0.0000000    0.0000000
    0.0000000    0.0000000    0.0000000    0.0000000    0.0000000    0.0000000
    0.0000000    0.0000000    0.0000000    0.0000000    0.0000000    0.0000000
    0.0000000    0.0000000    0.0000000    0.0000000    0.0000000    0.0000000
    0.0000000    0.0000000    0.0000000    0.0000000    0.0000000    0.0000000
    0.0000000    0.0000000    0.0000000    0.0000000    0.0000000    0.0000000
    0.0000000    0.0000000    0.0000000    0.0000000    0.0000000    0.0000000
    0.0000000    0.0000000    0.0000000    0.0000000    0.0000000    0.0000000
    0.0000000    0.0000000    0.0000000    0.0000000    0.0000000    0.0000000
    0.0000000    0.0000000    0.0000000    0.0000000    0.0000000    0.0000000
    0.0000000    0.0000000    0.0000000    0.0000000    0.0000000    0.0000000
    0.0000000    0.0000000    0.0000000    0.0000000    0.0000000    0.0000000
    0.0000000    0.0000000    0.0000000    0.0000000    0.0000000    0.0000000
    0.0000000    0.0000000    0.0000000    0.0000000    0.0000000    0.0000000
    0.0000000    0.0000000    0.0000000    0.0000000    0.0000000    0.0000000
    0.0000000    0.0000000    0.0000000    0.0000000    0.0000000    0.0000000
    0.0000000    0.0000000    0.0000000    0.0000000    0.0000000    0.0000000
    0.0000000    0.0000000    0.0000000    0.0000000    0.0000000    0.0000000
    0.0000000    0.0000000    0.0000000    0.0000000    0.0000000    0.0000000
    0.0000000    0.0000000    0.0000000    0.0000000    0.0000000    0.0000000
    0.0000000    0.0000000    0.0000000    0.0000000    0.0000000    0.0000000
    0.0000000    0.0000000    0.0000000    0.0000000    0.0000000    0.0000000
    0.0000000    0.0000000    0.0000000    0.0000000    0.0000000    0.0000000
    0.0000000    0.0000000    0.0000000    0.0000000    0.0000000    0.0000000
    0.0000000    0.0000000    0.0000000    0.0000000    0.0000000    0.0000000
    0.0000000    0.0000000    0.0000000    0.0000000    0.0000000    0.0000000
    0.0000000    0.0000000    0.0000000    0.0000000    0.0000000    0.0000000
    0.0000000    0.0000000    0.0000000    0.0000000    0.0000000    0.0000000
    0.0000000    0.0000000    0.0000000    0.0000000    0.0000000    0.0000000
    0.0000000    0.0000000    0.0000000    0.0000000    0.0000000    0.0000000
    0.0000000    0.0000000    0.0000000    0.0000000    0.0000000    0.0000000
    0.0000000    0.0000000    0.0000000    0.0000000    0.0000000    0.0000000
    0.0000000    0.0000000    0.0000000    0.0000000    0.0000000    0.0000000
    0.0000000    0.0000000    0.0000000    0.0000000    0.0000000    0.0000000
    0.0000000    0.0000000    0.0000000    0.0000000    0.0000000    0.0000000
    0.0000000    0.0000000    0.0000000    0.0000000    0.0000000    0.0000000
    0.0000000    0.0000000    0.0000000    0.0000000    0.0000000    0.0000000
    0.0000000    0.0000000    0.0000000    0.0000000    0.0000000    0.0000000
    0.0000000    0.0000000    0.0000000    0.0000000    0.0000000    0.0000000
    0.0000000    0.0000000    0.0000000    0.0000000    0.0000000    0.0000000
    0.0000000    0.0000000    0.0000000    0.0000000    0.0000000    0.0000000
    0.0000000    0.0000000    0.0000000    0.0000000    0.0000000    0.0000000
    0.0000000    0.0000000    0.0000000    0.0000000    0.0000000    0.0000000
    0.0000000    0.0000000    0.0000000    0.0000000    0.0000000    0.0000000
    0.0000000    0.0000000    0.0000000    0.0000000    0.0000000    0.0000000
    0.0000000    0.0000000    0.0000000    0.0000000    0.0000000    0.0000000
    0.0000000    0.0000000    0.0000000    0.0000000    0.0000000    0.0000000
    0.0000000    0.0000000    0.0000000    0.0000000    0.0000000    0.0000000
    0.0000000    0.0000000    0.0000000    0.0000000    0.0000000    0.0000000
    0.0000000    0.0000000    0.0000000    0.0000000    0.0000000    0.0000000
    0.0000000    0.0000000    0.0000000    0.0000000    0.0000000    0.0000000
    0.0000000    0.0000000    0.0000000    0.0000000    0.0000000    0.0000000
    0.0000000    0.0000000    0.0000000    0.0000000    0.0000000    0.0000000
    0.0000000    0.0000000    0.0000000    0.0000000    0.0000000    0.0000000
    0.0000000    0.0000000    0.0000000    0.0000000    0.0000000    0.0000000
    0.0000000    0.0000000    0.0000000    0.0000000    0.0000000    0.0000000
    0.0000000    0.0000000    0.0000000    0.0000000    0.0000000    0.0000000
    0.0000000    0.0000000    0.0000000    0.0000000    0.0000000    0.0000000
    0.0000000    0.0000000    0.0000000    0.0000000    0.0000000    0.0000000
    0.0000000    0.0000000    0.0000000    0.0000000    0.0000000    0.0000000
    0.0000000    0.0000000    0.0000000    0.0000000    0.0000000    0.0000000
    0.0000000    0.0000000    0.0000000    0.0000000    0.0000000    0.0000000
    0.0000000    0.0000000    0.0000000    0.0000000    0.0000000    0.0000000
    0.0000000    0.0000000    0.0000000    0.0000000    0.0000000    0.0000000
    0.0000000    0.0000000    0.0000000    0.0000000    0.0000000    0.0000000
    0.0000000    0.0000000    0.0000000    0.0000000    0.0000000    0.0000000
  929.3492432    5.2369204    5.2326541    5.2326541    4.9087462    5.5653081
  931.2871094    5.8908739    5.9108748    5.9108748    5.5837789    6.1677046
  933.3417969    7.4378476    7.5356336    7.5356336    7.1800027    7.6313162
  935.3040771   10.0461903   10.1780005   10.1780005    9.8767157   10.1381922
  937.2558594   12.4097128   12.6374435   12.6374435   12.2932367   12.4353228
  939.2792969   15.1637516   15.2000589   15.2000589   15.0935068   15.2081747
  941.3598633   21.9366570   21.3227520   21.3227520   21.9703617   22.0790405
  943.4458008   35.2578850   32.5726128   32.5726128   35.5606346   35.7708931
  945.5079346   64.7854309   56.7632179   56.7632179   66.0410156   66.0775070
  947.5101318  130.9144592  115.2544785  115.2544785  136.1555023  130.9639282
  949.5077515  255.9954987  245.1163940  245.1163940  271.2350464  245.6312714
  951.4688721  431.1929932  451.0307617  451.0307617  459.6603394  400.1572876
  953.4376831  596.7977905  637.3114624  637.3114624  629.9205322  556.3968506
  955.3850708  681.3472900  712.9475098  712.9475098  703.0443115  653.7965698
  957.3592529  703.3480835  730.3843384  730.3843384  715.5838623  685.0404663
  959.3665771  701.8143921  730.2611694  730.2611694  711.9054565  684.7282715
  961.2637939  699.5781860  727.4047852  727.4047852  708.9619141  683.1613770
  964.0540771  694.0299683  719.3962402  719.3962402  702.4297485  678.9895630
  965.5708618  685.2623291  711.0990601  711.0990601  693.8364258  669.8447876
    0.0000000    0.0000000    0.0000000    0.0000000    0.0000000    0.0000000
    0.0000000    0.0000000    0.0000000    0.0000000    0.0000000    0.0000000
    0.0000000    0.0000000    0.0000000    0.0000000    0.0000000    0.0000000
  974.5684204  663.6713867  691.3164673  691.3164673  672.4105225  647.7824707
  975.7078857  664.4393311  691.6945190  691.6945190  672.9996338  648.7886353
  977.3197632  641.4566040  667.0919189  667.0919189  648.7556152  627.3314209
  979.1323242  632.2977905  656.4015503  656.4015503  638.8374634  619.1350098
  981.2872925  622.9248047  645.7458496  645.7458496  629.0185547  610.3671875
  983.2426758  613.4585571  635.7373657  635.7373657  619.4276733  601.0765381
  985.1014404  601.0449219  623.1818237  623.1818237  607.0119629  588.6988525
  987.2912598  591.0354614  613.3218384  613.3218384  597.0119629  578.6797485
  989.2807617  574.2285767  596.2514038  596.2514038  580.0082397  562.1893921
  991.2110596  560.5264282  582.1790161  582.1790161  566.0070190  548.8715210
  993.3047485  543.5582886  564.5396118  564.5396118  548.6868896  532.3793335
  995.2835083  531.1543579  551.5786133  551.5786133  536.0659790  520.2573853
  997.2521973  513.4277344  533.2054443  533.2054443  518.1469116  502.8442993
  999.2678223  497.1620789  516.4153442  516.4153442  501.8378601  486.7586670
 1001.1713257  479.6304626  498.5387268  498.5387268  484.2291565  469.4279480
 1003.1488647  463.6440735  482.3709717  482.3709717  468.1567078  453.6077881
 1005.1791382  443.8330078  462.2259521  462.2259521  448.2210083  434.0520325
 1007.1567993  424.9535522  442.9894104  442.9894104  429.1561584  415.4615479
 1009.0764160  404.2783508  421.6210938  421.6210938  408.2642517  395.1862183
 1011.1033936  384.3855591  401.0104675  401.0104675  388.1103821  375.7270813
 1013.0139160  364.8502197  380.6220398  380.6220398  368.4125061  356.5796509
 1015.0055542  345.8747559  360.8016663  360.8016663  349.2784729  338.0071716
 1017.9458618  317.6890869  331.5975037  331.5975037  320.9082642  310.3187561
 1020.9057007  289.1833496  302.2753601  302.2753601  292.2271423  282.2449646
 1022.9609985  270.2068787  282.7668762  282.7668762  273.1230164  263.5662231
    0.0000000    0.0000000    0.0000000    0.0000000    0.0000000    0.0000000
 1025.0623779  250.2460785  262.0533752  262.0533752  252.9985657  243.9854431
 1027.0526123  233.2608337  244.3745880  244.3745880  235.9144287  227.3059082
 1029.0391846  218.0468903  228.4595795  228.4595795  220.5765533  212.4221954
 1031.0759277  199.5916595  209.1880341  209.1880341  201.9412689  194.3772278
 1033.1177979  181.9931793  190.9008942  190.9008942  184.1873779  177.1266785
 1035.0626221  163.0486298  171.3943939  171.3943939  165.0438995  158.5283813
 1038.0312500  135.9911346  143.3073578  143.3073578  137.9082642  131.9301453
    0.0000000    0.0000000    0.0000000    0.0000000    0.0000000    0.0000000
 1041.0682373  122.9383545  129.9437561  129.9437561  125.0783615  118.8415375
 1043.0607910  115.9921265  122.8719406  122.8719406  118.2768250  111.8432541
 1046.0466309  105.9849014  112.5741196  112.5741196  108.7242203  101.5980759
 1048.9837646   95.7129593  101.8602371  101.8602371   98.9792557   91.0564499
 1050.9436035   89.8496780   95.6343384   95.6343384   93.4350891   85.0537415
 1052.5076904   81.9017181   87.1466980   87.1466980   85.9284973   76.9329910
 1053.3515625   77.0497437   82.4709167   82.4709167   81.9328690   71.3900452
    0.0000000    0.0000000    0.0000000    0.0000000    0.0000000    0.0000000
    0.0000000    0.0000000    0.0000000    0.0000000    0.0000000    0.0000000
    0.0000000    0.0000000    0.0000000    0.0000000    0.0000000    0.0000000
    0.0000000    0.0000000    0.0000000    0.0000000    0.0000000    0.0000000
    0.0000000    0.0000000    0.0000000    0.0000000    0.0000000    0.0000000
    0.0000000    0.0000000    0.0000000    0.0000000    0.0000000    0.0000000
    0.0000000    0.0000000    0.0000000    0.0000000    0.0000000    0.0000000
    0.0000000    0.0000000    0.0000000    0.0000000    0.0000000    0.0000000
 1072.4807129    8.6562700   14.1378927   14.1378927   11.1511250    5.2316742
 1073.2359619    0.6631091    1.1313194    1.1313194    0.8568059    0.3799023
 1075.0384521    0.0305738    0.0305738    0.0305738    0.0000000    0.0000000
 1077.0371094    0.0000000    0.0000000    0.0000000    0.0000000    0.0000000
 1079.1311035    0.0617453    0.0356235    0.0356235    0.0878671    0.0000000
 1081.1621094    0.9295964    0.9413815    0.9413815    0.9480197    0.9092622
 1083.9608154    1.8438857    1.8696542    1.8696542    1.8712271    1.8090274
 1086.9666748    0.0000000    0.0000000    0.0000000    0.0000000    0.0000000
    0.0000000    0.0000000    0.0000000    0.0000000    0.0000000    0.0000000
 1089.0775146    0.0000000    0.0000000    0.0000000    0.0000000    0.0000000
 1092.0034180    4.3701029    4.4180775    4.4180775    4.3948622    4.3314381
    0.0000000    0.0000000    0.0000000    0.0000000    0.0000000    0.0000000
 1095.0937500    0.0000000    0.0000000    0.0000000    0.0000000    0.0000000
 1097.8092041    0.0000000    0.0000000    0.0000000    0.0000000    0.0000000
    0.0000000    0.0000000    0.0000000    0.0000000    0.0000000    0.0000000
    0.0000000    0.0000000    0.0000000    0.0000000    0.0000000    0.0000000
    0.0000000    0.0000000    0.0000000    0.0000000    0.0000000    0.0000000
